  50.00000    0.79780  270.70000 21360000000000000.00000 111499199999.99998 7048800000000.00000 66216000000.00000 101460000.00000 982560000.00000 4485600000.00000 4464240000000000.00000 220008000.00000 760416.00000 9462480.00000    0.15230 1185480.00000 14418000.00000 9078000.00000 38448000.00000 152510.40000 64080.00000 2221440.00000 5275.92000 108936.00000 540408.00000 16682159999999998.00000 1373448.00000 10551.84000 743328.00000   18.86088  101.24640    0.00021 4272000.00000
  49.00000    0.90387  270.66000 24210000000000000.00000 126618300000.00000 7989300000000.00000 84735000000.00000 159786000.00000 1028925000.00000 5737770000.00000 5059890000000000.00000 256626000.00000 784404.00000 12879720.00000    0.22951 1551861.00000 15421770.00000 10289250.00000 43578000.00000 172375.20000 72630.00000 3026250.00000 6294.60000 231931.80000 844929.00000 18908009999999996.00000 1583334.00000 12589.20000 873981.00000   21.86163  132.42870    0.00024 4551480.00000
  48.00000    1.02405  270.62000 27430000000000000.00000 143733200000.00000 9051900000000.00000 106977000000.00000 231783500.00000 1067027000.00000 7241520000.00000 5732870000000000.00000 298987000.00000 803699.00000 17034030.00000    0.32367 1994161.00000 16403140.00000 11630320.00000 49374000.00000 194478.70000 82290.00000 4004780.00000 7488.39000 386763.00000 1217892.00000 21422829999999996.00000 1824095.00000 15004.21000 1025882.00000   25.34532  170.06600    0.00027 4827680.00000
  47.00000    1.16048  269.32000 31240000000000000.00000 163697600000.00000 10309200000000.00000 135269200000.00000 334268000.00000 1130888000.00000 9184560000.00000 6529160000000000.00000 346764000.00000 824736.00000 23836120.00000    0.51234 2680392.00000 17650600.00000 13214520.00000 56232000.00000 219617.20000 93720.00000 5467000.00000 9090.84000 709148.00000 1836912.00000 24398439999999996.00000 2111824.00000 18181.68000 1227732.00000   29.58428  229.30160    0.00031 5185840.00000
  46.00000    1.31540  266.76000 35740000000000000.00000 186920200000.00000 11794200000000.00000 171194600000.00000 475342000.00000 1225882000.00000 11758460000.00000 7469660000000000.00000 407436000.00000 847038.00000 34167440.00000    0.82559 3681220.00000 19228120.00000 15082280.00000 63974600.00000 248035.60000 107220.00000 7612620.00000 11150.88000 1265196.00000 2791294.00000 27912939999999996.00000 2458912.00000 22337.50000 1493932.00000   34.73928  317.01380    0.00036 5646920.00000
  45.00000    1.49100  264.20000 40900000000000000.00000 213497999999.99997 13497000000000.00000 214725000000.00000 650310000.00000 1325160000.00000 14846700000.00000 8548100000000000.00000 478530000.00000 858900.00000 47035000.00000    1.21882 4948900.00000 20899900.00000 17218900.00000 73211000.00000 280165.00000 122700.00000 10265900.00000 13660.60000 1971380.00000 3983660.00000 31942899999999996.00000 2863000.00000 27321.20000 1815960.00000   40.77730  425.36000    0.00041 6135000.00000
  44.00000    1.69681  261.44000 47040000000000000.00000 244137600000.00000 15523200000000.00000 264835199999.99997 964320000.00000 1444128000.00000 18910080000.00000 9831360000000000.00000 555072000.00000 903168.00000 73382400.00000    2.48371 8137920.00000 22061760.00000 19615680.00000 83731200.00000 308582.40000 141120.00000 15240960.00000 17592.96000 2855328.00000 5832960.00000 36738240000000000.00000 3349248.00000 35185.92000 2224992.00000   48.45120  715.00800    0.00047 6491520.00000
  43.00000    1.93103  258.68000 54110000000000000.00000 279207600000.00000 17856300000000.00000 325201099999.99994 1363572000.00000 1574601000.00000 23862510000.00000 11308990000000000.00000 643909000.00000 941514.00000 106596700.00000    4.09613 12228860.00000 23104970.00000 22293320.00000 95774700.00000 339269.70000 162330.00000 21481670.00000 22455.65000 3960852.00000 8170610.00000 42259909999999992.00000 3917564.00000 44857.19000 2716322.00000   57.35660 1087.61100    0.00054 6817860.00000
  42.00000    2.20141  255.92000 62350000000000000.00000 319855500000.00000 20575500000000.00000 400287000000.00000 1932850000.00000 1720860000.00000 30052700000.00000 13031150000000000.00000 735730000.00000 991365.00000 158369000.00000    8.04315 19203800.00000 23817700.00000 25376450.00000 109736000.00000 367241.50000 187050.00000 28992750.00000 30052.70000 5249870.00000 11285350.00000 48695349999999992.00000 4595195.00000 59793.65000 3373135.00000   68.58500 1795.68000    0.00062 7232600.00000
  41.00000    2.51401  253.16000 71980000000000000.00000 365658400000.00000 23753400000000.00000 493782800000.00000 2742438000.00000 1893074000.00000 37645540000.00000 15043820000000000.00000 827770000.00000 1065304.00000 236814200.00000   15.18778 30303580.00000 23969340.00000 28863980.00000 125965000.00000 388692.00000 215940.00000 38149400.00000 41532.46000 6737328.00000 15403720.00000 56216379999999992.00000 5398500.00000 82057.20000 4239622.00000   82.05720 2972.77400    0.00072 7701860.00000
  40.00000    2.87100  250.40000 83100000000000000.00000 417993000000.00000 27423000000000.00000 606630000000.00000 3747810000.00000 2077500000.00000 46868399999.99999 17367900000000000.00000 930720000.00000 1130160.00000 334893000.00000   24.43140 44292300.00000 23683500.00000 32824500.00000 144594000.00000 408021.00000 249300.00000 49444500.00000 55760.10000 8559300.00000 20608800.00000 64901099999999992.00000 6340530.00000 109692.00000 5293470.00000   98.05800 4479.09000    0.00083 8143800.00000
  39.00000    3.32690  247.40000 97470000000000000.00000 487349999999.99994 32165100000000.00000 731024999999.99988 5243886000.00000 2329533000.00000 58774410000.00000 20371230000000000.00000 1023435000.00000 1267110.00000 479552400.00000   53.31609 68911290.00000 23295330.00000 37623420.00000 167648400.00000 430817.40000 292410.00000 58482000.00000 101368.80000 10429290.00000 26316900.00000 76124069999999984.00000 7592913.00000 194940.00000 7047081.00000  120.86280 8372.67300    0.00097 8928252.00000
  38.00000    3.85518  244.40000 114300000000000000.00000 568071000000.00000 37719000000000.00000 880109999999.99988 7155180000.00000 2606040000.00000 73380600000.00000 23888700000000000.00000 1109853000.00000 1417320.00000 664083000.00000   91.44000 100698300.00000 22059900.00000 43091100.00000 194310000.00000 449199.00000 342900.00000 69151500.00000 161163.00000 12687300.00000 33489900.00000 89268299999999984.00000 9075420.00000 307467.00000 9235440.00000  147.44700 13487.40000    0.00114 9738360.00000
  37.00000    4.42906  241.62000 132800000000000000.00000 656032000000.00000 43824000000000.00000 1037168000000.00000 9574880000.00000 2895040000.00000 90171200000.00000 27755200000000000.00000 1181920000.00000 1593600.00000 857888000.00000  146.08000 146080000.00000 20318400.00000 48737600.00000 221776000.00000 467456.00000 398400.00000 77953600.00000 284192.00000 15006400.00000 40769600.00000 103716799999999984.00000 10770080.00000 516592.00000 12044960.00000  180.60800 23372.80000    0.00133 10517760.00000
  36.00000    5.04474  239.06000 152900000000000000.00000 752267999999.99988 50457000000000.00000 1195678000000.00000 12598960000.00000 3195610000.00000 108864799999.99998 31956100000000000.00000 1226258000.00000 1804220.00000 1050423000.00000  223.23400 209473000.00000 18042200.00000 54738200.00000 247698000.00000 484693.00000 458700.00000 83789200.00000 493867.00000 17124800.00000 48010600.00000 119414899999999984.00000 12660120.00000 859298.00000 15595800.00000  220.17600 39601.10000    0.00153 11253440.00000
  35.00000    5.74600  236.50000 176100000000000000.00000 862890000000.00012 58113000000000.00000 1380624000000.00000 16324470000.00000 3539610000.00000 131370599999.99998 36804900000000000.00000 1257354000.00000 2042760.00000 1282008000.00000  320.50200 288804000.00000 14704350.00000 61282800.00000 276477000.00000 496602.00000 528300.00000 89458800.00000 758991.00000 19547100.00000 56528100.00000 137534099999999984.00000 14898060.00000 1294335.00000 19899300.00000  267.67200 60226.20000    0.00176 11974800.00000
  34.00000    6.56255  233.90000 203400000000000000.00000 990558000000.00000 67122000000000.00000 1556010000000.00000 20746800000.00000 3966300000.00000 158652000000.00000 42510600000000000.00000 1240740000.00000 2400120.00000 1474650000.00000  520.70400 410868000.00000 12956580.00000 68545800.00000 294930000.00000 528840.00000 610200.00000 91123200.00000 1511262.00000 21763800.00000 63257400.00000 158855399999999968.00000 17675460.00000 2359440.00000 24814800.00000  337.64400 110853.00000    0.00203 11878560.00000
  33.00000    7.49513  231.30000 234900000000000000.00000 1136915999999.99976 77517000000000.00000 1752354000000.00000 26073900000.00000 4416120000.00000 190973699999.99997 49094100000000000.00000 1186245000.00000 2818800.00000 1695978000.00000  777.51900 563760000.00000 10312110.00000 76577400.00000 314766000.00000 556713.00000 704700.00000 90906300.00000 2466450.00000 24194700.00000 70704900.00000 183456899999999968.00000 20953080.00000 3711420.00000 30771900.00000  420.47100 175705.20000    0.00235 11463120.00000
  32.00000    8.68010  229.30000 274400000000000000.00000 1317120000000.00000 90552000000000.00000 1978424000000.00000 33202400000.00000 4994080000.00000 232416799999.99997 57349600000000000.00000 1127784000.00000 3402560.00000 1920800000.00000 1155.22400 773808000.00000 8094800.00000 85887200.00000 334768000.00000 600936.00000 823200.00000 88631200.00000 4280640.00000 26973520.00000 78478400.00000 214306399999999968.00000 25189920.00000 6530720.00000 37318400.00000  546.05600 304584.00000    0.00274 11250400.00000
  31.00000   10.19320  227.90000 324200000000000000.00000 1543191999999.99976 106986000000000.00000 2230496000000.00000 42794400000.00000 5738340000.00000 285296000000.00000 67757800000000000.00000 1063376000.00000 4182180.00000 2133236000.00000 1711.77600 1063376000.00000 6678520.00000 96611600.00000 356620000.00000 661368.00000 972600.00000 82346800.00000 7326920.00000 30085760.00000 85913000.00000 253200199999999968.00000 30636900.00000 11509100.00000 44091200.00000  732.69200 525204.00000    0.00324 11347000.00000
  30.00000   11.97000  226.50000 383000000000000000.00000 1807760000000.00000 126390000000000.00000 2508649999999.99951 54385999999.99999 6549300000.00000 350062000000.00000 80047000000000000.00000 938350000.00000 5132200.00000 2359280000.00000 2432.05000 1432420000.00000 4481100.00000 108389000.00000 378404000.00000 727700.00000 1149000.00000 70855000.00000 11336800.00000 33435900.00000 93835000.00000 299123000000000000.00000 37265900.00000 18077600.00000 52088000.00000  965.16000 819620.00000    0.00383 11107000.00000
  29.00000   13.91150  225.50000 447100000000000000.00000 2083486000000.00024 147543000000000.00000 2794374999999.99951 66617900000.00000 7466570000.00000 421615299999.99994 93443900000000000.00000 885258000.00000 6348820.00000 2512702000.00000 3380.07600 1864407000.00000 4032842.00000 117140200.00000 399260300.00000 822664.00000 1341300.00000 64829500.00000 19940660.00000 36304520.00000 98809100.00000 349185099999999936.00000 44710000.00000 32325330.00000 54993300.00000 1408.36500 1600618.00000    0.00447 10283300.00000
  28.00000   16.16800  224.50000 522000000000000000.00000 2401199999999.99951 172260000000000.00000 3105900000000.00000 81432000000.00000 8456400000.00000 507384000000.00000 109098000000000000.00000 788220000.00000 7830000.00000 2651760000.00000 4577.94000 2401200000.00000 3309480.00000 125802000.00000 416556000.00000 934380.00000 1566000.00000 54810000.00000 31059000.00000 39202200.00000 102312000.00000 407681999999999936.00000 53766000.00000 50842800.00000 57420000.00000 1973.16000 2620440.00000    0.00522 8874000.00000
  27.00000   18.80670  223.52000 609900000000000000.00000 2768946000000.00000 201267000000000.00000 3452034000000.00000 98803800000.00000 9636420000.00000 609900000000.00000 127469100000000000.00000 707484000.00000 9636420.00000 2805540000.00000 6074.60400 3037302000.00000 2707956.00000 134178000.00000 445836900.00000 1067325.00000 1829700.00000 46230420.00000 45864480.00000 42266070.00000 105512700.00000 476331899999999936.00000 65259300.00000 76847400.00000 57818520.00000 3031.20300 4287597.00000    0.00610 7623750.00000
  26.00000   21.89480  222.56000 713000000000000000.00000 3201370000000.00000 235290000000000.00000 3843069999999.99951 120497000000.00000 10980200000.00000 727260000000.00000 149017000000000000.00000 658099000.00000 11907100.00000 2973210000.00000 7914.30000 3771770000.00000 2360030.00000 143313000.00000 492683000.00000 1233490.00000 2139000.00000 41140100.00000 65310800.00000 45489400.00000 108376000.00000 556852999999999936.00000 78430000.00000 113367000.00000 55899200.00000 4805.62000 6859060.00000    0.00713 6859060.00000
  25.00000   25.49000  221.60000 833700000000000000.00000 3693291000000.00000 275121000000000.00000 4268544000000.00000 146731200000.00000 12505500000.00000 875384999999.99988 174243300000000000.00000 571084500.00000 14589750.00000 3118038000.00000 10254.51000 4677057000.00000 1817466.00000 151733400.00000 542738700.00000 1425627.00000 2501100.00000 33097890.00000 90039600.00000 48521340.00000 109214700.00000 651119699999999872.00000 94208100.00000 159236700.00000 51689400.00000 7094.78700 10171140.00000    0.00834 5585790.00000
  24.00000   29.72000  220.60000 976500000000000000.00000 4198949999999.99951 322245000000000.00000 4521195000000.00000 183582000000.00000 13671000000.00000 1093680000000.00012 204088500000000000.00000 440401500.00000 18553500.00000 2988090000.00000 14061.60000 5702760000.00000 1132740.00000 146475000.00000 589806000.00000 1660050.00000 2929500.00000 21873600.00000 133780500.00000 49410900.00000 96868800.00000 762646499999999872.00000 116203500.00000 242172000.00000 36130500.00000 21775.95000 18455850.00000    0.00976 4394250.00000
  23.00000   34.67000  219.60000 1144000000000000000.00000 4804800000000.00000 377520000000000.00000 4770480000000.00000 225368000000.00000 14986400000.00000 1361359999999.99976 239096000000000000.00000 411840000.00000 23680800.00000 2951520000.00000 18189.60000 6566560000.00000 868296.00000 140712000.00000 657800000.00000 1944800.00000 3432000.00000 17388800.00000 187616000.00000 51480000.00000 87516000.00000 893463999999999872.00000 143000000.00000 327184000.00000 22536800.00000 65780.00000 29744000.00000    0.01144 3546400.00000
  22.00000   40.47000  218.60000 1342000000000000000.00000 5461940000000.00000 442860000000000.00000 4898300000000.00000 275109999999.99994 16506600000.00000 1704340000000.00000 280478000000000000.00000 411994000.00000 30597600.00000 2898720000.00000 23082.40000 7327320000.00000 683078.00000 132858000.00000 736758000.00000 2281400.00000 4026000.00000 14359400.00000 252296000.00000 54082600.00000 77299200.00000 1048101999999999872.00000 174460000.00000 425414000.00000 13822600.00000 139568.00000 45628000.00000    0.01342 2818200.00000
  21.00000   47.29000  217.60000 1575000000000000000.00000 6252750000000.00000 519750000000000.00000 4772250000000.00000 344925000000.00000 19372500000.00000 2142000000000.00024 329175000000000000.00000 436275000.00000 42052500.00000 2772000000.00000 30240.00000 7780500000.00000 535500.00000 122377500.00000 822150000.00000 2677500.00000 4725000.00000 12836250.00000 337050000.00000 57960000.00000 67567500.00000 1230074999999999744.00000 211050000.00000 540225000.00000 8851500.00000 297675.00000 71977500.00000    0.01575 2205000.00000
  20.00000   55.29000  216.70000 1849000000000000000.00000 7211100000000.00000 610170000000000.00000 4770420000000.00000 436363999999.99994 24591700000.00000 2625580000000.00000 386441000000000000.00000 471495000.00000 58983100.00000 2570110000.00000 44560.90000 7765800000.00000 399384.00000 106687300.00000 904161000.00000 3143300.00000 5547000.00000 8579360.00000 445609000.00000 63420700.00000 56764300.00000 1444068999999999744.00000 253313000.00000 682281000.00000 6804320.00000 573190.00000 111124900.00000    0.01849 1775040.00000
  19.50000   59.79640  216.70000 2000000000000000000.00000 7760000000000.00000 660000000000000.00000 4599999999999.99902 487999999999.99994 28800000000.00000 2900000000000.00000 418000000000000000.00000 498000000.00000 71600000.00000 2440000000.00000 63800.00000 7360000000.00000 380000.00000 97800000.00000 930000000.00000 3400000.00000 6000000.00000 6680000.00000 514000000.00000 68200000.00000 53400000.00000 1561999999999999744.00000 278000000.00000 764000000.00000 6360000.00000 840000.00000 139600000.00000    0.02000 1640000.00000
  19.00000   64.67000  216.70000 2163000000000000000.00000 8327549999999.99902 713790000000000.00000 4390889999999.99902 547239000000.00000 33526500000.00000 3201240000000.00000 452067000000000000.00000 527772000.00000 85871100.00000 2292780000.00000 85871.10000 6856710000.00000 354732.00000 86952600.00000 956046000.00000 3677100.00000 6489000.00000 4412520.00000 592662000.00000 73325700.00000 48883800.00000 1689302999999999744.00000 304983000.00000 854385000.00000 5796840.00000 1146390.00000 172174800.00000    0.02163 1470840.00000
  18.50000   69.94490  216.70000 2339000000000000000.00000 8981760000000.00000 771870000000000.00000 4233590000000.00000 608140000000.00000 41166400000.00000 3508500000000.00000 488851000000000000.00000 566038000.00000 102214300.00000 2140185000.00000 124668.70000 6174960000.00000 343833.00000 76953100.00000 968346000.00000 3976300.00000 7017000.00000 3602060.00000 680649000.00000 79759900.00000 45376600.00000 1826758999999999744.00000 334477000.00000 954312000.00000 5753940.00000 1627944.00000 215889700.00000    0.02339 1356620.00000
  18.00000   75.65000  216.70000 2530000000000000000.00000 9689900000000.00000 834900000000000.00000 4022700000000.00000 675510000000.00000 49840999999.99999 3845599999999.99951 528770000000000000.00000 607200000.00000 120934000.00000 1950630000.00000 169510.00000 5338300000.00000 328900.00000 65021000.00000 974050000.00000 4301000.00000 7590000.00000 2631200.00000 781770000.00000 86526000.00000 41239000.00000 1975929999999999744.00000 366850000.00000 1065130000.00000 5667200.00000 2183390.00000 265650000.00000    0.02530 1214400.00000
  17.50000   81.82310  216.70000 2737000000000000000.00000 10510080000000.00000 903210000000000.00000 3804429999999.99951 744464000000.00000 61035099999.99999 4214979999999.99951 572033000000000000.00000 673302000.00000 139039600.00000 1765365000.00000 242224.50000 4680270000.00000 320229.00000 58298100.00000 955213000.00000 4652900.00000 8211000.00000 2195074.00000 900473000.00000 94700200.00000 38865400.00000 2137596999999999744.00000 402339000.00000 1190595000.00000 6212990.00000 3311770.00000 347599000.00000    0.02737 1122170.00000
  17.00000   88.50000  216.70000 2960000000000000000.00000 11395999999999.99805 976800000000000.00000 3522399999999.99951 822880000000.00012 73704000000.00000 4588000000000.00000 618640000000000000.00000 745920000.00000 158952000.00000 1536240000.00000 325600.00000 3877600000.00000 307840.00000 50024000.00000 926480000.00000 5032000.00000 8880000.00000 1672400.00000 1030080000.00000 103600000.00000 35520000.00000 2311760000000000000.00000 441040000.00000 1329040000.00000 6808000.00000 4588000.00000 441040000.00000    0.02960 1006400.00000
  16.50000   95.70660  216.70000 3201000000000000000.00000 12483900000000.00000 1056330000000000.00000 3297029999999.99951 905882999999.99988 88987799999.99998 4993560000000.00000 669009000000000000.00000 832260000.00000 177975600.00000 1341219000.00000 512160.00000 3265020000.00000 298653.30000 43853700.00000 880275000.00000 5441700.00000 9603000.00000 1408440.00000 1177968000.00000 113315400.00000 33290400.00000 2499980999999999488.00000 480150000.00000 1482063000.00000 8386620.00000 6626070.00000 579381000.00000    0.03201 928290.00000
  16.00000  103.50000  216.70000 3462000000000000000.00000 13674900000000.00195 1142460000000000.00000 3011939999999.99951 997056000000.00000 106283399999.99998 5469960000000.00000 723558000000000000.00000 927816000.00000 199065000.00000 1104378000.00000 730482.00000 2551494000.00000 285615.00000 36351000.00000 820494000.00000 5885400.00000 10386000.00000 1093992.00000 1343256000.00000 123939600.00000 30361740.00000 2703821999999999488.00000 526224000.00000 1651374000.00000 10178280.00000 8966580.00000 740868000.00000    0.03462 830880.00000
  15.50000  111.95500  216.70000 3744000000000000000.00000 16735679999999.99805 1235520000000000.00000 2845439999999.99951 1089503999999.99976 131040000000.00002 5990400000000.00000 782496000000000000.00000 1033344000.00000 215280000.00000 917280000.00000 1231776.00000 2223936000.00000 280800.00000 32909760.00000 748800000.00000 6364800.00000 11232000.00000 924768.00000 1523808000.00000 134784000.00000 29278080.00000 2924063999999999488.00000 572832000.00000 1834560000.00000 13366080.00000 13291200.00000 1029600000.00000    0.03744 767520.00000
  15.00000  121.10000  216.70000 4050000000000000000.00000 20250000000000.00000 1336500000000000.00000 2632500000000.00000 1190699999999.99976 159569999999.99997 6520500000000.00000 846450000000000000.00000 1146150000.00000 232875000.00000 692550000.00000 1810350.00000 1830600000.00000 273375.00000 28714500.00000 660150000.00000 6885000.00000 12150000.00000 720900.00000 1725300000.00000 146610000.00000 27783000.00000 3163049999999999488.00000 627750000.00000 2037150000.00000 17010000.00000 18306000.00000 1356750000.00000    0.04050 688500.00000
  14.50000  130.99600  216.70000 4381000000000000000.00000 23920259999999.99609 1445730000000000.00000 2527836999999.99951 1301157000000.00000 196268800000.00000 7097220000000.00000 915629000000000000.00000 1266109000.00000 249717000.00000 538863000.00000 3412799.00000 1717352000.00000 271622.00000 25628850.00000 578292000.00000 7447700.00000 13143000.00000 608959.00000 1940783000.00000 158592200.00000 27293630.00000 3421560999999999488.00000 683436000.00000 2260596000.00000 23613590.00000 25935520.00000 1822496000.00000    0.04381 832390.00000
  14.00000  141.70000  216.70000 4739000000000000000.00000 28102269999999.99609 1563870000000000.00000 2383717000000.00000 1421700000000.00000 238371699999.99997 7724569999999.99902 990451000000000000.00000 1398005000.00000 267279600.00000 354477200.00000 5260290.00000 1578087000.00000 267753.50000 21894180.00000 478639000.00000 8056300.00000 14217000.00000 473426.10000 2179940000.00000 171551800.00000 26538400.00000 3701158999999999488.00000 744023000.00000 2502192000.00000 31230010.00000 34689480.00000 2350544000.00000    0.04739 995190.00000
  13.50000  153.27700  216.70000 5127000000000000000.00000 43118069999999.99219 1691910000000000.00000 2276388000000.00000 1548354000000.00000 292239000000.00000 8357009999999.99902 1071543000000000000.00000 1522719000.00000 287624700.00000 305569200.00000 10869240.00000 1558608000.00000 277883.40000 19841490.00000 425541000.00000 8715900.00000 15381000.00000 399906.00000 2414817000.00000 182521200.00000 27737070.00000 4004186999999999488.00000 810066000.00000 2758326000.00000 44604900.00000 50295870.00000 3122343000.00000    0.05127 1230480.00000
  13.00000  165.80000  216.70000 5546000000000000000.00000 60451400000000.00000 1830180000000000.00000 2135209999999.99976 1691530000000.00000 353280200000.00006 9095439999999.99805 1159114000000000000.00000 1658254000.00000 310021400.00000 246797000.00000 17303520.00000 1530696000.00000 287837.40000 17303520.00000 361044600.00000 9428200.00000 16638000.00000 311130.60000 2673172000.00000 194110000.00000 28950120.00000 4331425999999999488.00000 881814000.00000 3039208000.00000 59896800.00000 68215800.00000 4004212000.00000    0.05546 1497420.00000
  12.50000  179.34700  216.70000 5999000000000000000.00000 89984999999999.98438 1979670000000000.00000 2087651999999.99976 1841693000000.00000 425329100000.00006 9898350000000.00000 1253791000000000000.00000 1793701000.00000 335344100.00000 227962000.00000 28255290.00000 1547742000.00000 303549.40000 15237460.00000 325745700.00000 10198300.00000 17997000.00000 263356.10000 2939510000.00000 206365600.00000 30714880.00000 4685219000000000000.00000 959840000.00000 3341443000.00000 90584900.00000 89385100.00000 5123146000.00000    0.05999 1829695.00000
  12.00000  194.00000  216.70000 6489000000000000000.00000 123939900000000.00000 2141370000000000.00000 2011590000000.00000 2011590000000.00000 506790900000.00000 10771739999999.99805 1356201000000000000.00000 1946700000.00000 363384000.00000 204403500.00000 40880700.00000 1563849000.00000 320556.60000 12718440.00000 282920400.00000 11031300.00000 19467000.00000 206350.20000 3231522000.00000 219977100.00000 32509890.00000 5067908999999998976.00000 1038240000.00000 3672774000.00000 126535500.00000 114206400.00000 6398154000.00000    0.06489 2206260.00000
  11.50000  209.85200  216.75000 7017000000000000000.00000 193669200000000.00000 2315610000000000.00000 1845471000000.00000 2189304000000.00000 588726300000.00000 11718390000000.00000 1466553000000000000.00000 2105100000.00000 399969000.00000 202089600.00000 60346200.00000 1557774000.00000 341727.90000 11086860.00000 313659900.00000 11928900.00000 21051000.00000 176828.40000 3536568000.00000 239279700.00000 33892110.00000 5480276999999998976.00000 1122720000.00000 4013724000.00000 188757300.00000 134726400.00000 7999380000.00000    0.07017 2701545.00000
  11.00000  227.00000  216.80000 7589000000000000000.00000 273962899999999.96875 2504370000000000.00000 1631634999999.99976 2382946000000.00000 679974400000.00000 12673630000000.00000 1586101000000000000.00000 2276700000.00000 439403100.00000 198831800.00000 82720100.00000 1532978000.00000 364272.00000 9106800.00000 348335100.00000 12901300.00000 22767000.00000 141914.30000 3862801000.00000 260302700.00000 35288850.00000 5927008999999998976.00000 1214240000.00000 4394031000.00000 260302700.00000 157851200.00000 9865700000.00000    0.07589 3263270.00000
  10.50000  245.26500  220.05000 8080000000000000000.00000 428240000000000.00000 2666400000000000.00000 1397839999999.99976 2553280000000.00000 764368000000.00000 13493600000000.00000 1688720000000000000.00000 2424000000.00000 479144000.00000 202000000.00000 126048000.00000 1519040000.00000 382992.00000 7498240.00000 414504000.00000 13736000.00000 24240000.00000 124432.00000 4153120000.00000 285224000.00000 36360000.00000 6310479999999998976.00000 1292800000.00000 4710640000.00000 372488000.00000 176144000.00000 11635200000.00000    0.08080 3918800.00000
  10.00000  265.00000  223.30000 8602000000000000000.00000 602140000000000.00000 2838660000000000.00000 1126862000000.00000 2735436000000.00000 856759199999.99988 14451359999999.99805 1797818000000000000.00000 2580600000.00000 523001600.00000 204727600.00000 174620600.00000 1496748000.00000 402573.60000 5651514.00000 488593600.00000 14623400.00000 25806000.00000 104084.20000 4455836000.00000 312252600.00000 37332680.00000 6718161999999998976.00000 1376320000.00000 5057976000.00000 498055800.00000 195265400.00000 13591160000.00000    0.08602 4645080.00000
   9.50000  285.69200  226.50000 9143000000000000000.00000 1042301999999999.87500 3017190000000000.00000 1014873000000.00000 2916617000000.00000 950871999999.99988 15451670000000.00000 1910887000000000000.00000 2742900000.00000 577837600.00000 214860500.00000 265147000.00000 1490309000.00000 422406.60000 4845790.00000 601609400.00000 15543100.00000 27429000.00000 103315.90000 4772646000.00000 359319900.00000 39954910.00000 7140682999999998976.00000 1462880000.00000 5403513000.00000 680239200.00000 213031900.00000 15085950000.00000    0.09143 6217240.00000
   9.00000  308.00000  229.70000 9719000000000000000.00000 1535602000000000.00000 3207270000000000.00000 891232300000.00000 3100361000000.00000 1059371000000.00000 16425110000000.00000 2031271000000000000.00000 2915700000.00000 637566400.00000 225480800.00000 366406300.00000 1487007000.00000 443186.40000 3926476.00000 726981200.00000 16522300.00000 29157000.00000 102049.50000 5102475000.00000 410141800.00000 42860790.00000 7590538999999998976.00000 1555040000.00000 5773086000.00000 883457100.00000 233256000.00000 16716680000.00000    0.09719 7969580.00000
   8.50000  331.36400  232.95000 10310000000000000000.00000 2701219999999999.50000 3402300000000000.00000 780467000000.00000 3288890000000.00000 1175340000000.00000 17423900000000.00000 2154790000000000000.00000 3093000000.00000 709328000.00000 238161000.00000 527872000.00000 1505260000.00000 463950.00000 3319820.00000 899032000.00000 17527000.00000 30930000.00000 106193.00000 5443680000.00000 476322000.00000 46910500.00000 8052109999999998976.00000 1649600000.00000 6144760000.00000 1103170000.00000 254657000.00000 18145600000.00000    0.10310 12475100.00000
   8.00000  356.50000  236.20000 10940000000000000000.00000 4014979999999999.50000 3610200000000000.00000 653118000000.00000 3500800000000.00000 1301860000000.00000 18597999999999.99609 2286460000000000000.00000 3282000000.00000 788774000.00000 251620000.00000 708912000.00000 1520660000.00000 486830.00000 2636540.00000 1089624000.00000 18598000.00000 32820000.00000 110494.00000 5820080000.00000 548094000.00000 51418000.00000 8544139999999998976.00000 1750400000.00000 6542120000.00000 1345620000.00000 278970000.00000 19582600000.00000    0.10940 17504000.00000
   7.50000  382.82800  239.45000 11590000000000000000.00000 5435710000000000.00000 3824700000000000.00000 636291000000.00000 3708800000000.00000 1413979999999.99976 19702999999999.99609 2422310000000000000.00000 3477000000.00000 898225000.00000 266570000.00000 948062000.00000 1529880000.00000 513437.00000 2283230.00000 1344440000.00000 19703000.00000 34770000.00000 117059.00000 6212240000.00000 639768000.00000 58645400.00000 9051789999999998976.00000 1854400000.00000 6942410000.00000 1576240000.00000 309453000.00000 21093800000.00000    0.11590 24339000.00000
   7.00000  411.10000  242.70000 12280000000000000000.00000 7024160000000000.00000 4052400000000000.00000 615228000000.00000 3929600000000.00000 1535000000000.00000 20875999999999.99609 2566520000000000000.00000 3684000000.00000 1019240000.00000 282440000.00000 1213264000.00000 1547280000.00000 541548.00000 1878840.00000 1620960000.00000 20876000.00000 36840000.00000 122800.00000 6631200000.00000 741712000.00000 66557600.00000 9590679999999997952.00000 1964800000.00000 7368000000.00000 1829720000.00000 343840000.00000 22718000000.00000    0.12280 31928000.00000
   6.50000  440.59200  245.95000 12980000000000000000.00000 9709040000000000.00000 4283400000000000.00000 591888000000.00000 4153600000000.00000 1648459999999.99976 22065999999999.99609 2712820000000000000.00000 3894000000.00000 1168200000.00000 298540000.00000 1583560000.00000 1544620000.00000 572418.00000 1583560.00000 2011900000.00000 22066000.00000 38940000.00000 129800.00000 7061120000.00000 874852000.00000 76841600.00000 10137379999999997952.00000 2076800000.00000 7788000000.00000 2037860000.00000 389400000.00000 24272600000.00000    0.12980 45430000.00000
   6.00000  472.20000  249.20000 13730000000000000000.00000 12700250000000000.00000 4530900000000000.00000 564303000000.00000 4393600000000.00000 1771170000000.00000 23340999999999.99609 2869570000000000000.00000 4119000000.00000 1333183000.00000 315790000.00000 2004580000.00000 1524030000.00000 604120.00000 1260414.00000 2457670000.00000 23341000.00000 41190000.00000 137300.00000 7524040000.00000 1021512000.00000 88146600.00000 10723129999999997952.00000 2196800000.00000 8238000000.00000 2279180000.00000 437987000.00000 26087000000.00000    0.13730 60412000.00000
   5.50000  505.19700  252.45000 14500000000000000000.00000 16820000000000000.00000 4785000000000000.00000 571299999999.99988 4640000000000.00000 1870500000000.00000 24649999999999.99609 3030500000000000000.00000 4350000000.00000 1566000000.00000 333500000.00000 2537500000.00000 1508000000.00000 638000.00000 1074450.00000 3030500000.00000 24650000.00000 43500000.00000 145000.00000 8004000000.00000 1264400000.00000 104545000.00000 11324499999999997952.00000 2320000000.00000 8714500000.00000 2479500000.00000 520550000.00000 27840000000.00000    0.14500 86275000.00000
   5.00000  540.50000  255.70000 15320000000000000000.00000 21448000000000000.00000 5055600000000000.00000 577563999999.99988 4902400000000.00000 1991600000000.00000 26043999999999.99609 3201880000000000000.00000 4596000000.00000 1807760000.00000 352360000.00000 3125280000.00000 1493700000.00000 674080.00000 862516.00000 3661480000.00000 26044000.00000 45960000.00000 153200.00000 8502600000.00000 1532000000.00000 122713200.00000 11964919999999997952.00000 2451200000.00000 9222640000.00000 2711640000.00000 611268000.00000 29874000000.00000    0.15320 114900000.00000
   4.50000  577.29700  258.95000 16160000000000000000.00000 28764800000000000.00000 5332800000000000.00000 578528000000.00000 5171200000000.00000 2116960000000.00000 27471999999999.99609 3377440000000000000.00000 4848000000.00000 2133120000.00000 371680000.00000 3975360000.00000 1504496000.00000 711040.00000 712656.00000 4508640000.00000 27472000.00000 48480000.00000 161600.00000 9017280000.00000 1939200000.00000 143985600.00000 12620959999999997952.00000 2585600000.00000 9760640000.00000 2908800000.00000 732048000.00000 31673600000.00000    0.16160 141400000.00000
   4.00000  616.60000  262.20000 17040000000000000000.00000 36806400000000000.00000 5623200000000000.00000 577656000000.00000 5452800000000.00000 2232240000000.00000 28967999999999.99609 3561360000000000000.00000 5112000000.00000 2487840000.00000 391920000.00000 4907520000.00000 1511448000.00000 749760.00000 541872.00000 5435760000.00000 28968000.00000 51120000.00000 170400.00000 9576480000.00000 2385600000.00000 166992000.00000 13308239999999997952.00000 2726400000.00000 10343280000.00000 3135360000.00000 863928000.00000 33739200000.00000    0.17040 170400000.00000
   3.50000  657.54100  265.45000 17950000000000000000.00000 47926500000000000.00000 5923500000000000.00000 601325000000.00000 5744000000000.00000 2387350000000.00000 30514999999999.99609 3751550000000000000.00000 5385000000.00000 3015600000.00000 412850000.00000 5995300000.00000 1506005000.00000 789800.00000 461315.00000 6659450000.00000 30515000.00000 53850000.00000 179500.00000 10159700000.00000 3284850000.00000 190270000.00000 14018949999999997952.00000 2872000000.00000 11021300000.00000 3356650000.00000 1059050000.00000 35720500000.00000    0.17950 224375000.00000
   3.00000  701.20000  268.70000 18910000000000000000.00000 60133799999999992.00000 6240300000000000.00000 627812000000.00000 6051200000000.00000 2552850000000.00000 32146999999999.99609 3952190000000000000.00000 5673000000.00000 3592900000.00000 434930000.00000 7185800000.00000 1495781000.00000 832040.00000 372527.00000 7980020000.00000 32147000.00000 56730000.00000 189100.00000 10778700000.00000 4292570000.00000 215574000.00000 14768709999999997952.00000 3044510000.00000 11762020000.00000 3573990000.00000 1274534000.00000 37820000000.00000    0.18910 283650000.00000
   2.50000  746.62800  271.95000 19900000000000000000.00000 77808999999999984.00000 6567000000000000.00000 652720000000.00000 6368000000000.00000 2746200000000.00049 33829999999999.99609 4159100000000000000.00000 5970000000.00000 4238700000.00000 457700000.00000 8377900000.00000 1476580000.00000 875600.00000 318400.00000 9770900000.00000 33830000.00000 59700000.00000 199000.00000 11442500000.00000 6288400000.00000 234820000.00000 15541899999999997952.00000 3223800000.00000 12596700000.00000 3800900000.00000 1623840000.00000 39800000000.00000    0.19900 348250000.00000
   2.00000  795.00000  275.20000 20940000000000000000.00000 96952199999999984.00000 6910200000000000.00000 678456000000.00000 6700800000000.00000 2931600000000.00000 35598000000000.00000 4376460000000000000.00000 6282000000.00000 4941840000.00000 481620000.00000 9695220000.00000 1451142000.00000 921360.00000 257562.00000 11747340000.00000 35598000.00000 62820000.00000 209400.00000 12145200000.00000 8459760000.00000 255468000.00000 16354139999999997952.00000 3413220000.00000 13464420000.00000 4020480000.00000 2003958000.00000 41880000000.00000    0.20940 418800000.00000
   1.50000  845.30800  278.45000 22010000000000000000.00000 117753500000000000.00000 7263300000000000.00000 677908000000.00000 7043200000000.00000 3125419999999.99951 37416999999999.99219 4600090000000000000.00000 6603000000.00000 5612550000.00000 506230000.00000 10586810000.00000 1419645000.00000 968440.00000 246512.00000 14416550000.00000 37417000.00000 66030000.00000 220100.00000 12875850000.00000 16221370000.00000 250914000.00000 17189809999999997952.00000 3609640000.00000 14460570000.00000 4247930000.00000 2949340000.00000 44020000000.00000    0.22010 539245000.00000
   1.00000  898.80000  281.70000 23130000000000000000.00000 140399100000000000.00000 7632900000000000.00000 677709000000.00000 7401600000000.00000 3353849999999.99951 39320999999999.99219 4834170000000000000.00000 6939000000.00000 6337620000.00000 531990000.00000 11565000000.00000 1378548000.00000 1017720.00000 231300.00000 17324370000.00000 39321000.00000 69390000.00000 231300.00000 13646700000.00000 24749100000.00000 245178000.00000 18064529999999997952.00000 3816450000.00000 15497100000.00000 4510350000.00000 3978360000.00000 46260000000.00000    0.23130 670770000.00000
   0.50000  954.19300  284.95000 24280000000000000000.00000 167774800000000000.00000 8012400000000000.00000 679840000000.00000 7769600000000.00000 3569159999999.99951 41275999999999.99219 5074520000000000000.00000 7284000000.00000 6968360000.00000 558440000.00000 12140000000.00000 1330544000.00000 1068320.00000 242800.00000 21245000000.00000 41276000.00000 72840000.00000 242800.00000 14446600000.00000 42004399999.99999 222162000.00000 18962680000000000000.00000 4054760000.00000 16631800000.00000 4783160000.00000 5730080000.00000 48560000000.00000    0.24280 837660000.00000
   0.00000 1013.00000  288.20000 25480000000000000000.00000 197215200000000000.00000 8408400000000000.00000 677767999999.99988 8153600000000.00000 3822000000000.00000 43315999999999.99219 5325320000000000000.00000 7644000000.00000 7644000000.00000 586040000.00000 12740000000.00000 1274000000.00000 1121120.00000 254800.00000 25480000000.00000 43316000.00000 76440000.00000 254800.00000 15288000000.00000 61151999999.99999 196196000.00000 19899879999999995904.00000 4331600000.00000 17836000000.00000 5096000000.00000 7644000000.00000 50960000000.00000    0.25480 1019200000.00000
