  40.00000    2.87100  250.40000 83100000000000000.00000 417993000000.00000 27423000000000.00000 606630000000.00000 3747810000.00000 2077500000.00000 46868399999.99999 17367900000000000.00000 930720000.00000 1130160.00000 334893000.00000   24.43140 44292300.00000 23683500.00000 32824500.00000 144594000.00000 408021.00000 249300.00000 49444500.00000 55760.10000 8559300.00000 20608800.00000 64901099999999992.00000 6340530.00000 109692.00000 5293470.00000   98.05800 4479.09000    0.00083 8143800.00000
  39.00000    3.32690  247.40000 97470000000000000.00000 487349999999.99994 32165100000000.00000 731024999999.99988 5243886000.00000 2329533000.00000 58774410000.00000 20371230000000000.00000 1023435000.00000 1267110.00000 479552400.00000   53.31609 68911290.00000 23295330.00000 37623420.00000 167648400.00000 430817.40000 292410.00000 58482000.00000 101368.80000 10429290.00000 26316900.00000 76124069999999984.00000 7592913.00000 194940.00000 7047081.00000  120.86280 8372.67300    0.00097 8928252.00000
  38.00000    3.85518  244.40000 114300000000000000.00000 568071000000.00000 37719000000000.00000 880109999999.99988 7155180000.00000 2606040000.00000 73380600000.00000 23888700000000000.00000 1109853000.00000 1417320.00000 664083000.00000   91.44000 100698300.00000 22059900.00000 43091100.00000 194310000.00000 449199.00000 342900.00000 69151500.00000 161163.00000 12687300.00000 33489900.00000 89268299999999984.00000 9075420.00000 307467.00000 9235440.00000  147.44700 13487.40000    0.00114 9738360.00000
  37.00000    4.42906  241.62000 132800000000000000.00000 656032000000.00000 43824000000000.00000 1037168000000.00000 9574880000.00000 2895040000.00000 90171200000.00000 27755200000000000.00000 1181920000.00000 1593600.00000 857888000.00000  146.08000 146080000.00000 20318400.00000 48737600.00000 221776000.00000 467456.00000 398400.00000 77953600.00000 284192.00000 15006400.00000 40769600.00000 103716799999999984.00000 10770080.00000 516592.00000 12044960.00000  180.60800 23372.80000    0.00133 10517760.00000
  36.00000    5.04474  239.06000 152900000000000000.00000 752267999999.99988 50457000000000.00000 1195678000000.00000 12598960000.00000 3195610000.00000 108864799999.99998 31956100000000000.00000 1226258000.00000 1804220.00000 1050423000.00000  223.23400 209473000.00000 18042200.00000 54738200.00000 247698000.00000 484693.00000 458700.00000 83789200.00000 493867.00000 17124800.00000 48010600.00000 119414899999999984.00000 12660120.00000 859298.00000 15595800.00000  220.17600 39601.10000    0.00153 11253440.00000
  35.00000    5.74600  236.50000 176100000000000000.00000 862890000000.00012 58113000000000.00000 1380624000000.00000 16324470000.00000 3539610000.00000 131370599999.99998 36804900000000000.00000 1257354000.00000 2042760.00000 1282008000.00000  320.50200 288804000.00000 14704350.00000 61282800.00000 276477000.00000 496602.00000 528300.00000 89458800.00000 758991.00000 19547100.00000 56528100.00000 137534099999999984.00000 14898060.00000 1294335.00000 19899300.00000  267.67200 60226.20000    0.00176 11974800.00000
  34.00000    6.56255  233.90000 203400000000000000.00000 990558000000.00000 67122000000000.00000 1556010000000.00000 20746800000.00000 3966300000.00000 158652000000.00000 42510600000000000.00000 1240740000.00000 2400120.00000 1474650000.00000  520.70400 410868000.00000 12956580.00000 68545800.00000 294930000.00000 528840.00000 610200.00000 91123200.00000 1511262.00000 21763800.00000 63257400.00000 158855399999999968.00000 17675460.00000 2359440.00000 24814800.00000  337.64400 110853.00000    0.00203 11878560.00000
  33.00000    7.49513  231.30000 234900000000000000.00000 1136915999999.99976 77517000000000.00000 1752354000000.00000 26073900000.00000 4416120000.00000 190973699999.99997 49094100000000000.00000 1186245000.00000 2818800.00000 1695978000.00000  777.51900 563760000.00000 10312110.00000 76577400.00000 314766000.00000 556713.00000 704700.00000 90906300.00000 2466450.00000 24194700.00000 70704900.00000 183456899999999968.00000 20953080.00000 3711420.00000 30771900.00000  420.47100 175705.20000    0.00235 11463120.00000
  32.00000    8.68010  229.30000 274400000000000000.00000 1317120000000.00000 90552000000000.00000 1978424000000.00000 33202400000.00000 4994080000.00000 232416799999.99997 57349600000000000.00000 1127784000.00000 3402560.00000 1920800000.00000 1155.22400 773808000.00000 8094800.00000 85887200.00000 334768000.00000 600936.00000 823200.00000 88631200.00000 4280640.00000 26973520.00000 78478400.00000 214306399999999968.00000 25189920.00000 6530720.00000 37318400.00000  546.05600 304584.00000    0.00274 11250400.00000
  31.00000   10.19320  227.90000 324200000000000000.00000 1543191999999.99976 106986000000000.00000 2230496000000.00000 42794400000.00000 5738340000.00000 285296000000.00000 67757800000000000.00000 1063376000.00000 4182180.00000 2133236000.00000 1711.77600 1063376000.00000 6678520.00000 96611600.00000 356620000.00000 661368.00000 972600.00000 82346800.00000 7326920.00000 30085760.00000 85913000.00000 253200199999999968.00000 30636900.00000 11509100.00000 44091200.00000  732.69200 525204.00000    0.00324 11347000.00000
  30.00000   11.97000  226.50000 383000000000000000.00000 1807760000000.00000 126390000000000.00000 2508649999999.99951 54385999999.99999 6549300000.00000 350062000000.00000 80047000000000000.00000 938350000.00000 5132200.00000 2359280000.00000 2432.05000 1432420000.00000 4481100.00000 108389000.00000 378404000.00000 727700.00000 1149000.00000 70855000.00000 11336800.00000 33435900.00000 93835000.00000 299123000000000000.00000 37265900.00000 18077600.00000 52088000.00000  965.16000 819620.00000    0.00383 11107000.00000
  29.00000   13.91150  225.50000 447100000000000000.00000 2083486000000.00024 147543000000000.00000 2794374999999.99951 66617900000.00000 7466570000.00000 421615299999.99994 93443900000000000.00000 885258000.00000 6348820.00000 2512702000.00000 3380.07600 1864407000.00000 4032842.00000 117140200.00000 399260300.00000 822664.00000 1341300.00000 64829500.00000 19940660.00000 36304520.00000 98809100.00000 349185099999999936.00000 44710000.00000 32325330.00000 54993300.00000 1408.36500 1600618.00000    0.00447 10283300.00000
  28.00000   16.16800  224.50000 522000000000000000.00000 2401199999999.99951 172260000000000.00000 3105900000000.00000 81432000000.00000 8456400000.00000 507384000000.00000 109098000000000000.00000 788220000.00000 7830000.00000 2651760000.00000 4577.94000 2401200000.00000 3309480.00000 125802000.00000 416556000.00000 934380.00000 1566000.00000 54810000.00000 31059000.00000 39202200.00000 102312000.00000 407681999999999936.00000 53766000.00000 50842800.00000 57420000.00000 1973.16000 2620440.00000    0.00522 8874000.00000
  27.00000   18.80670  223.52000 609900000000000000.00000 2768946000000.00000 201267000000000.00000 3452034000000.00000 98803800000.00000 9636420000.00000 609900000000.00000 127469100000000000.00000 707484000.00000 9636420.00000 2805540000.00000 6074.60400 3037302000.00000 2707956.00000 134178000.00000 445836900.00000 1067325.00000 1829700.00000 46230420.00000 45864480.00000 42266070.00000 105512700.00000 476331899999999936.00000 65259300.00000 76847400.00000 57818520.00000 3031.20300 4287597.00000    0.00610 7623750.00000
  26.00000   21.89480  222.56000 713000000000000000.00000 3201370000000.00000 235290000000000.00000 3843069999999.99951 120497000000.00000 10980200000.00000 727260000000.00000 149017000000000000.00000 658099000.00000 11907100.00000 2973210000.00000 7914.30000 3771770000.00000 2360030.00000 143313000.00000 492683000.00000 1233490.00000 2139000.00000 41140100.00000 65310800.00000 45489400.00000 108376000.00000 556852999999999936.00000 78430000.00000 113367000.00000 55899200.00000 4805.62000 6859060.00000    0.00713 6859060.00000
  25.00000   25.49000  221.60000 833700000000000000.00000 3693291000000.00000 275121000000000.00000 4268544000000.00000 146731200000.00000 12505500000.00000 875384999999.99988 174243300000000000.00000 571084500.00000 14589750.00000 3118038000.00000 10254.51000 4677057000.00000 1817466.00000 151733400.00000 542738700.00000 1425627.00000 2501100.00000 33097890.00000 90039600.00000 48521340.00000 109214700.00000 651119699999999872.00000 94208100.00000 159236700.00000 51689400.00000 7094.78700 10171140.00000    0.00834 5585790.00000
  24.00000   29.72000  220.60000 976500000000000000.00000 4198949999999.99951 322245000000000.00000 4521195000000.00000 183582000000.00000 13671000000.00000 1093680000000.00012 204088500000000000.00000 440401500.00000 18553500.00000 2988090000.00000 14061.60000 5702760000.00000 1132740.00000 146475000.00000 589806000.00000 1660050.00000 2929500.00000 21873600.00000 133780500.00000 49410900.00000 96868800.00000 762646499999999872.00000 116203500.00000 242172000.00000 36130500.00000 21775.95000 18455850.00000    0.00976 4394250.00000
  23.00000   34.67000  219.60000 1144000000000000000.00000 4804800000000.00000 377520000000000.00000 4770480000000.00000 225368000000.00000 14986400000.00000 1361359999999.99976 239096000000000000.00000 411840000.00000 23680800.00000 2951520000.00000 18189.60000 6566560000.00000 868296.00000 140712000.00000 657800000.00000 1944800.00000 3432000.00000 17388800.00000 187616000.00000 51480000.00000 87516000.00000 893463999999999872.00000 143000000.00000 327184000.00000 22536800.00000 65780.00000 29744000.00000    0.01144 3546400.00000
  22.00000   40.47000  218.60000 1342000000000000000.00000 5461940000000.00000 442860000000000.00000 4898300000000.00000 275109999999.99994 16506600000.00000 1704340000000.00000 280478000000000000.00000 411994000.00000 30597600.00000 2898720000.00000 23082.40000 7327320000.00000 683078.00000 132858000.00000 736758000.00000 2281400.00000 4026000.00000 14359400.00000 252296000.00000 54082600.00000 77299200.00000 1048101999999999872.00000 174460000.00000 425414000.00000 13822600.00000 139568.00000 45628000.00000    0.01342 2818200.00000
  21.00000   47.29000  217.60000 1575000000000000000.00000 6252750000000.00000 519750000000000.00000 4772250000000.00000 344925000000.00000 19372500000.00000 2142000000000.00024 329175000000000000.00000 436275000.00000 42052500.00000 2772000000.00000 30240.00000 7780500000.00000 535500.00000 122377500.00000 822150000.00000 2677500.00000 4725000.00000 12836250.00000 337050000.00000 57960000.00000 67567500.00000 1230074999999999744.00000 211050000.00000 540225000.00000 8851500.00000 297675.00000 71977500.00000    0.01575 2205000.00000
  20.00000   55.29000  216.70000 1849000000000000000.00000 7211100000000.00000 610170000000000.00000 4770420000000.00000 436363999999.99994 24591700000.00000 2625580000000.00000 386441000000000000.00000 471495000.00000 58983100.00000 2570110000.00000 44560.90000 7765800000.00000 399384.00000 106687300.00000 904161000.00000 3143300.00000 5547000.00000 8579360.00000 445609000.00000 63420700.00000 56764300.00000 1444068999999999744.00000 253313000.00000 682281000.00000 6804320.00000 573190.00000 111124900.00000    0.01849 1775040.00000
  19.80000   57.05030  216.70000 1908000000000000000.00000 7422120000000.00000 629640000000000.00000 4712760000000.00000 456011999999.99994 26139600000.00000 2728439999999.99951 398772000000000000.00000 482724000.00000 63918000.00000 2518560000.00000 51897.60000 7612920000.00000 393048.00000 103413600.00000 915840000.00000 3243600.00000 5724000.00000 7860960.00000 473184000.00000 65253600.00000 55522800.00000 1490147999999999744.00000 263304000.00000 713592000.00000 6639840.00000 675432.00000 122112000.00000    0.01908 1724832.00000
  19.60000   58.86660  216.70000 1969000000000000000.00000 7639720000000.00000 649770000000000.00000 4646840000000.00000 478467000000.00000 27959800000.00000 2835360000000.00000 411521000000000000.00000 494219000.00000 68915000.00000 2480940000.00000 59660.70000 7462510000.00000 383955.00000 99828300.00000 925430000.00000 3347300.00000 5907000.00000 7088400.00000 500126000.00000 67142900.00000 54147500.00000 1537788999999999744.00000 273691000.00000 746251000.00000 6458320.00000 783662.00000 133695100.00000    0.01969 1669712.00000
  19.40000   60.74080  216.70000 2031000000000000000.00000 7859970000000.00000 670230000000000.00000 4569750000000.00000 499626000000.00000 29652600000.00000 2965260000000.00000 424479000000000000.00000 503688000.00000 74334600.00000 2416890000.00000 68038.50000 7270980000.00000 375735.00000 95863200.00000 936291000.00000 3452700.00000 6093000.00000 6255480.00000 530091000.00000 69257100.00000 52399800.00000 1586210999999999744.00000 282309000.00000 781935000.00000 6255480.00000 897702.00000 145825800.00000    0.02031 1608552.00000
  19.20000   62.67460  216.70000 2096000000000000000.00000 8090559999999.99902 691680000000000.00000 4485440000000.00000 524000000000.00000 31649600000.00000 3081120000000.00000 438064000000000000.00000 515616000.00000 79857600.00000 2368480000.00000 76713.60000 7084480000.00000 364704.00000 91595200.00000 945296000.00000 3563200.00000 6288000.00000 5365760.00000 559632000.00000 71264000.00000 50723200.00000 1636975999999999744.00000 293440000.00000 817440000.00000 6036480.00000 1018656.00000 158667200.00000    0.02096 1542656.00000
  19.00000   64.67000  216.70000 2163000000000000000.00000 8327549999999.99902 713790000000000.00000 4390889999999.99902 547239000000.00000 33526500000.00000 3201240000000.00000 452067000000000000.00000 527772000.00000 85871100.00000 2292780000.00000 85871.10000 6856710000.00000 354732.00000 86952600.00000 956046000.00000 3677100.00000 6489000.00000 4412520.00000 592662000.00000 73325700.00000 48883800.00000 1689302999999999744.00000 304983000.00000 854385000.00000 5796840.00000 1146390.00000 172174800.00000    0.02163 1470840.00000
  18.80000   66.73050  216.70000 2232000000000000000.00000 8593199999999.99902 736560000000000.00000 4330080000000.00000 571392000000.00000 36381599999.99999 3325680000000.00000 466488000000000000.00000 542376000.00000 92181600.00000 2232000000.00000 100886.40000 6606720000.00000 350424.00000 83253600.00000 961992000.00000 3794400.00000 6696000.00000 4106880.00000 627192000.00000 75888000.00000 47541600.00000 1743191999999999744.00000 316944000.00000 892800000.00000 5780880.00000 1332504.00000 189050400.00000    0.02232 1428480.00000
  18.60000   68.85660  216.70000 2303000000000000000.00000 8843520000000.00000 759990000000000.00000 4260550000000.00000 596477000000.00000 39611600000.00000 3454500000000.00000 481327000000000000.00000 557326000.00000 98798700.00000 2174032000.00000 116531.80000 6333250000.00000 345450.00000 79223200.00000 964957000.00000 3915100.00000 6909000.00000 3776920.00000 663264000.00000 78302000.00000 46290300.00000 1798642999999999744.00000 329329000.00000 932715000.00000 5757500.00000 1526889.00000 206809400.00000    0.02303 1381800.00000
  18.40000   71.05040  216.70000 2376000000000000000.00000 9123840000000.00000 784080000000000.00000 4205520000000.00000 620136000000.00000 42768000000.00000 3564000000000.00000 496584000000000000.00000 574992000.00000 105969600.00000 2107512000.00000 133293.60000 6011280000.00000 342144.00000 74844000.00000 969408000.00000 4039200.00000 7128000.00000 3421440.00000 700920000.00000 81021600.00000 44668800.00000 1855655999999999744.00000 339768000.00000 976536000.00000 5749920.00000 1734480.00000 225244800.00000    0.02376 1330560.00000
  18.20000   73.31410  216.70000 2452000000000000000.00000 9391160000000.00000 809160000000000.00000 4119359999999.99951 647328000000.00000 46097600000.00000 3702520000000.00000 512468000000000000.00000 590932000.00000 113282400.00000 2032708000.00000 150798.00000 5688640000.00000 335924.00000 70127200.00000 970992000.00000 4168400.00000 7356000.00000 3040480.00000 740504000.00000 83613200.00000 43155200.00000 1915011999999999744.00000 353088000.00000 1020032000.00000 5713160.00000 1951792.00000 244954800.00000    0.02452 1275040.00000
  18.00000   75.65000  216.70000 2530000000000000000.00000 9689900000000.00000 834900000000000.00000 4022700000000.00000 675510000000.00000 49840999999.99999 3845599999999.99951 528770000000000000.00000 607200000.00000 120934000.00000 1950630000.00000 169510.00000 5338300000.00000 328900.00000 65021000.00000 974050000.00000 4301000.00000 7590000.00000 2631200.00000 781770000.00000 86526000.00000 41239000.00000 1975929999999999744.00000 366850000.00000 1065130000.00000 5667200.00000 2183390.00000 265650000.00000    0.02530 1214400.00000
  17.80000   78.06130  216.70000 2611000000000000000.00000 10000130000000.00000 861630000000000.00000 3942610000000.00000 702359000000.00000 54047700000.00000 3994830000000.00000 545699000000000000.00000 631862000.00000 127939000.00000 1882531000.00000 197391.60000 5091450000.00000 326375.00000 62402900.00000 968681000.00000 4438700.00000 7833000.00000 2467395.00000 827687000.00000 89818400.00000 40209400.00000 2039190999999999744.00000 381206000.00000 1114897000.00000 5874750.00000 2611000.00000 297654000.00000    0.02611 1180172.00000
  17.60000   80.54950  216.70000 2694000000000000000.00000 10344960000000.00000 889020000000000.00000 3852419999999.99951 730074000000.00012 58729200000.00000 4121820000000.00000 563046000000000000.00000 660030000.00000 135238800.00000 1804980000.00000 226834.80000 4822260000.00000 323280.00000 59806800.00000 959064000.00000 4579800.00000 8082000.00000 2289900.00000 875550000.00000 92943000.00000 39332400.00000 2104013999999999744.00000 396018000.00000 1163808000.00000 6088440.00000 3071160.00000 331362000.00000    0.02694 1142256.00000
  17.40000   83.11690  216.70000 2780000000000000000.00000 10675200000000.00000 917400000000000.00000 3753000000000.00000 761720000000.00000 63384000000.00000 4281199999999.99951 581020000000000000.00000 686660000.00000 142614000.00000 1723600000.00000 257984.00000 4531400000.00000 316920.00000 56712000.00000 950760000.00000 4726000.00000 8340000.00000 2098900.00000 922960000.00000 96466000.00000 38086000.00000 2171179999999999744.00000 408660000.00000 1217640000.00000 6338400.00000 3558400.00000 364180000.00000    0.02780 1100880.00000
  17.20000   85.76620  216.70000 2869000000000000000.00000 11045649999999.99805 946770000000000.00000 3643629999999.99951 791844000000.00012 68282200000.00001 4418260000000.00000 599621000000000000.00000 717250000.00000 150622500.00000 1632461000.00000 289769.00000 4217430000.00000 312721.00000 53650300.00000 938163000.00000 4877300.00000 8607000.00000 1893540.00000 975460000.00000 99841200.00000 37010100.00000 2240688999999999744.00000 424612000.00000 1270967000.00000 6570010.00000 4045290.00000 401660000.00000    0.02869 1055792.00000
  17.00000   88.50000  216.70000 2960000000000000000.00000 11395999999999.99805 976800000000000.00000 3522399999999.99951 822880000000.00012 73704000000.00000 4588000000000.00000 618640000000000000.00000 745920000.00000 158952000.00000 1536240000.00000 325600.00000 3877600000.00000 307840.00000 50024000.00000 926480000.00000 5032000.00000 8880000.00000 1672400.00000 1030080000.00000 103600000.00000 35520000.00000 2311760000000000000.00000 441040000.00000 1329040000.00000 6808000.00000 4588000.00000 441040000.00000    0.02960 1006400.00000
  16.80000   91.31510  216.70000 3054000000000000000.00000 11818980000000.00000 1007820000000000.00000 3451019999999.99951 855120000000.00000 79404000000.00000 4764240000000.00000 638286000000000000.00000 778770000.00000 166443000.00000 1462866000.00000 397020.00000 3664800000.00000 304483.80000 47642400.00000 910092000.00000 5191800.00000 9162000.00000 1572810.00000 1087224000.00000 107500800.00000 34815600.00000 2385174000000000000.00000 458100000.00000 1389570000.00000 7421220.00000 5375040.00000 494748000.00000    0.03054 977280.00000
  16.60000   94.21980  216.70000 3151000000000000000.00000 12257390000000.00000 1039830000000000.00000 3340060000000.00000 888581999999.99988 85707200000.00000 4915560000000.00000 658559000000000000.00000 812958000.00000 173935200.00000 1383289000.00000 472650.00000 3403080000.00000 300605.40000 45059300.00000 891733000.00000 5356700.00000 9453000.00000 1465215.00000 1146964000.00000 111230300.00000 33715700.00000 2460930999999999488.00000 472650000.00000 1449460000.00000 8066560.00000 6207470.00000 551425000.00000    0.03151 945300.00000
  16.40000   97.21680  216.70000 3252000000000000000.00000 12715320000000.00000 1073160000000000.00000 3245496000000.00000 923567999999.99988 92356800000.00000 5105640000000.00000 679668000000000000.00000 852024000.00000 182112000.00000 1297548000.00000 556092.00000 3141432000.00000 296257.20000 42601200.00000 868284000.00000 5528400.00000 9756000.00000 1352832.00000 1209744000.00000 115446000.00000 32845200.00000 2539811999999999488.00000 491052000.00000 1515432000.00000 8715360.00000 7056840.00000 611376000.00000    0.03252 910560.00000
  16.20000  100.30900  216.70000 3355000000000000000.00000 13185149999999.99805 1107150000000000.00000 3133570000000.00000 959529999999.99976 98972499999.99998 5267350000000.00000 701195000000000000.00000 889075000.00000 190228500.00000 1204445000.00000 640805.00000 2858460000.00000 291214.00000 39589000.00000 845460000.00000 5703500.00000 10065000.00000 1227930.00000 1274900000.00000 119438000.00000 31604100.00000 2620254999999999488.00000 506605000.00000 1580205000.00000 9427550.00000 7984900.00000 674355000.00000    0.03355 872300.00000
  16.00000  103.50000  216.70000 3462000000000000000.00000 13674900000000.00195 1142460000000000.00000 3011939999999.99951 997056000000.00000 106283399999.99998 5469960000000.00000 723558000000000000.00000 927816000.00000 199065000.00000 1104378000.00000 730482.00000 2551494000.00000 285615.00000 36351000.00000 820494000.00000 5885400.00000 10386000.00000 1093992.00000 1343256000.00000 123939600.00000 30361740.00000 2703821999999999488.00000 526224000.00000 1651374000.00000 10178280.00000 8966580.00000 740868000.00000    0.03462 830880.00000
  15.80000  106.80200  216.70000 3572000000000000000.00000 14859520000000.00000 1178760000000000.00000 2950471999999.99951 1032307999999.99988 115732800000.00000 5679480000000.00000 746548000000000000.00000 968012000.00000 205390000.00000 1032308000.00000 921576.00000 2428960000.00000 283974.00000 35077040.00000 792984000.00000 6072400.00000 10716000.00000 1028736.00000 1414512000.00000 128234800.00000 29969080.00000 2789731999999999488.00000 546516000.00000 1721704000.00000 11394680.00000 10644560.00000 850136000.00000    0.03572 807272.00000
  15.60000  110.21000  216.70000 3686000000000000000.00000 16107819999999.99805 1216380000000000.00000 2882452000000.00000 1068939999999.99988 126061200000.00000 5860740000000.00000 770374000000000000.00000 1009964000.00000 211945000.00000 958360000.00000 1124230.00000 2296378000.00000 281979.00000 33690040.00000 763002000.00000 6266200.00000 11058000.00000 962046.00000 1485458000.00000 132696000.00000 29524860.00000 2878765999999999488.00000 563958000.00000 1795082000.00000 12679840.00000 12384960.00000 965732000.00000    0.03686 781432.00000
  15.40000  113.72700  216.70000 3804000000000000000.00000 17422320000000.00000 1255320000000000.00000 2807352000000.00000 1110767999999.99976 136563599999.99998 6086400000000.00000 795036000000000000.00000 1053708000.00000 218730000.00000 874920000.00000 1342812.00000 2153064000.00000 279594.00000 32143800.00000 734172000.00000 6466800.00000 11412000.00000 886332.00000 1563444000.00000 136944000.00000 28986480.00000 2970923999999999488.00000 585816000.00000 1875372000.00000 14074800.00000 14265000.00000 1091748000.00000    0.03804 753192.00000
  15.20000  117.35500  216.70000 3925000000000000000.00000 18800750000000.00000 1295250000000000.00000 2723950000000.00000 1150025000000.00000 147972499999.99997 6280000000000.00000 820325000000000000.00000 1099000000.00000 225687500.00000 788925000.00000 1570000.00000 1997825000.00000 276712.50000 30497250.00000 698650000.00000 6672500.00000 11775000.00000 808550.00000 1640650000.00000 141692500.00000 28417000.00000 3065424999999999488.00000 604450000.00000 1954650000.00000 15503750.00000 16210250.00000 1220675000.00000    0.03925 722200.00000
  15.00000  121.10000  216.70000 4050000000000000000.00000 20250000000000.00000 1336500000000000.00000 2632500000000.00000 1190699999999.99976 159569999999.99997 6520500000000.00000 846450000000000000.00000 1146150000.00000 232875000.00000 692550000.00000 1810350.00000 1830600000.00000 273375.00000 28714500.00000 660150000.00000 6885000.00000 12150000.00000 720900.00000 1725300000.00000 146610000.00000 27783000.00000 3163049999999999488.00000 627750000.00000 2037150000.00000 17010000.00000 18306000.00000 1356750000.00000    0.04050 688500.00000
  14.80000  124.96500  216.70000 4179000000000000000.00000 21689010000000.00000 1379070000000000.00000 2595159000000.00000 1232805000000.00000 173846399999.99997 6728190000000.00000 873411000000000000.00000 1191015000.00000 239456700.00000 635208000.00000 2423820.00000 1788612000.00000 272888.70000 27581400.00000 631029000.00000 7104300.00000 12537000.00000 676998.00000 1809507000.00000 151279800.00000 27623190.00000 3263798999999999488.00000 647745000.00000 2122932000.00000 19557720.00000 21229320.00000 1533693000.00000    0.04179 743862.00000
  14.60000  128.95400  216.70000 4313000000000000000.00000 23160810000000.00000 1423290000000000.00000 2548982999999.99951 1276647999999.99976 188478100000.00000 6987060000000.00000 901417000000000000.00000 1242144000.00000 246272300.00000 573629000.00000 3070856.00000 1742452000.00000 272150.30000 26309300.00000 595194000.00000 7332100.00000 12939000.00000 634011.00000 1897720000.00000 156130600.00000 27430680.00000 3368452999999999488.00000 672828000.00000 2212569000.00000 22255080.00000 24325320.00000 1720887000.00000    0.04313 802218.00000
  14.40000  133.07000  216.70000 4450000000000000000.00000 24741999999999.99609 1468500000000000.00000 2500900000000.00049 1326100000000.00000 204255000000.00000 7209000000000.00000 930050000000000000.00000 1290500000.00000 252760000.00000 502850000.00000 3760250.00000 1695450000.00000 271005.00000 24964500.00000 560700000.00000 7565000.00000 13350000.00000 582950.00000 1984700000.00000 161090000.00000 27145000.00000 3475449999999999488.00000 694200000.00000 2305100000.00000 25053500.00000 27590000.00000 1922400000.00000    0.04450 863300.00000
  14.20000  137.31700  216.70000 4592000000000000000.00000 26358080000000.00000 1515360000000000.00000 2442944000000.00000 1373007999999.99976 220875199999.99997 7484959999999.99902 959728000000000000.00000 1345456000.00000 259907200.00000 431648000.00000 4486384.00000 1639344000.00000 269550.40000 23465120.00000 518896000.00000 7806400.00000 13776000.00000 532672.00000 2080176000.00000 166230400.00000 26863200.00000 3586351999999999488.00000 720944000.00000 2401616000.00000 28057120.00000 31041920.00000 2130688000.00000    0.04592 927584.00000
  14.00000  141.70000  216.70000 4739000000000000000.00000 28102269999999.99609 1563870000000000.00000 2383717000000.00000 1421700000000.00000 238371699999.99997 7724569999999.99902 990451000000000000.00000 1398005000.00000 267279600.00000 354477200.00000 5260290.00000 1578087000.00000 267753.50000 21894180.00000 478639000.00000 8056300.00000 14217000.00000 473426.10000 2179940000.00000 171551800.00000 26538400.00000 3701158999999999488.00000 744023000.00000 2502192000.00000 31230010.00000 34689480.00000 2350544000.00000    0.04739 995190.00000
  13.80000  146.22200  216.70000 4890000000000000000.00000 33838800000000.00000 1613700000000000.00000 2342310000000.00000 1471889999999.99976 258681000000.00000 7970699999999.99902 1022010000000000000.00000 1447440000.00000 275307000.00000 335943000.00000 7383900.00000 1574580000.00000 271884.00000 21124800.00000 458682000.00000 8313000.00000 14670000.00000 445479.00000 2268960000.00000 176040000.00000 26992800.00000 3819089999999999488.00000 767730000.00000 2601480000.00000 36332700.00000 40684800.00000 2645490000.00000    0.04890 1085580.00000
  13.60000  150.88800  216.70000 5047000000000000000.00000 39972240000000.00000 1665510000000000.00000 2301432000000.00000 1524194000000.00000 280613200000.00000 8226609999999.99902 1054823000000000000.00000 1498959000.00000 283641400.00000 316446900.00000 9639770.00000 1564570000.00000 276070.90000 20288940.00000 437070200.00000 8579900.00000 15141000.00000 415872.80000 2367043000.00000 180177900.00000 27506150.00000 3941706999999999488.00000 797426000.00000 2705192000.00000 41738690.00000 46987570.00000 2957542000.00000    0.05047 1180998.00000
  13.40000  155.70400  216.70000 5208000000000000000.00000 46403280000000.00000 1718640000000000.00000 2249855999999.99951 1578024000000.00000 303626399999.99994 8541119999999.99902 1088472000000000000.00000 1546776000.00000 292168800.00000 294772800.00000 12082560.00000 1557192000.00000 279669.60000 19373760.00000 414036000.00000 8853600.00000 15624000.00000 383308.80000 2463384000.00000 184884000.00000 27966960.00000 4067447999999999488.00000 822864000.00000 2812320000.00000 47496960.00000 53642400.00000 3291456000.00000    0.05208 1281168.00000
  13.20000  160.67300  216.70000 5374000000000000000.00000 53256340000000.00000 1773420000000000.00000 2197965999999.99976 1633695999999.99976 327813999999.99994 8813359999999.99805 1123166000000000000.00000 1601452000.00000 300944000.00000 271924400.00000 14617280.00000 1542338000.00000 283747.20000 18379080.00000 388540200.00000 9135800.00000 16122000.00000 348772.60000 2568772000.00000 189164800.00000 28482200.00000 4197093999999999488.00000 854466000.00000 2923456000.00000 53525040.00000 60726200.00000 3638198000.00000    0.05374 1386492.00000
  13.00000  165.80000  216.70000 5546000000000000000.00000 60451400000000.00000 1830180000000000.00000 2135209999999.99976 1691530000000.00000 353280200000.00006 9095439999999.99805 1159114000000000000.00000 1658254000.00000 310021400.00000 246797000.00000 17303520.00000 1530696000.00000 287837.40000 17303520.00000 361044600.00000 9428200.00000 16638000.00000 311130.60000 2673172000.00000 194110000.00000 28950120.00000 4331425999999999488.00000 881814000.00000 3039208000.00000 59896800.00000 68215800.00000 4004212000.00000    0.05546 1497420.00000
  12.80000  171.09100  216.70000 5723000000000000000.00000 71537500000000.00000 1888590000000000.00000 2117510000000.00000 1751237999999.99976 381151800000.00000 9385719999999.99805 1196107000000000000.00000 1711177000.00000 319915700.00000 239793700.00000 21518480.00000 1539487000.00000 294162.20000 16539470.00000 347958400.00000 9729100.00000 17169000.00000 293017.60000 2775655000.00000 199160400.00000 29645140.00000 4469662999999999488.00000 909957000.00000 3159096000.00000 71537500.00000 76688200.00000 4435325000.00000    0.05723 1625332.00000
  12.60000  176.55100  216.70000 5906000000000000000.00000 83865199999999.98438 1948980000000000.00000 2096630000000.00000 1813142000000.00000 410467000000.00006 9744900000000.00000 1234354000000000000.00000 1765894000.00000 330145400.00000 232105800.00000 25927340.00000 1547372000.00000 300615.40000 15709960.00000 333689000.00000 10040200.00000 17718000.00000 274038.40000 2882128000.00000 204347600.00000 30356840.00000 4612586000000000000.00000 939054000.00000 3277830000.00000 84455800.00000 85046400.00000 4890168000.00000    0.05906 1759988.00000
  12.40000  182.18600  216.70000 6094000000000000000.00000 96285200000000.00000 2011020000000000.00000 2071960000000.00024 1876952000000.00000 441205600000.00000 10055100000000.00000 1273646000000000000.00000 1828200000.00000 341264000.00000 223649800.00000 30652820.00000 1553970000.00000 307137.60000 14747480.00000 318106800.00000 10359800.00000 18282000.00000 252901.00000 2998248000.00000 209024200.00000 31018460.00000 4759414000000000000.00000 975040000.00000 3406546000.00000 97504000.00000 94457000.00000 5362720000.00000    0.06094 1901328.00000
  12.20000  188.00000  216.70000 6288000000000000000.00000 110039999999999.98438 2075040000000000.00000 2043600000000.00000 1942991999999.99976 473486400000.00006 10438079999999.99805 1314192000000000000.00000 1886400000.00000 352128000.00000 214420800.00000 35590080.00000 1559424000.00000 313771.20000 13770720.00000 301195200.00000 10689600.00000 18864000.00000 230769.60000 3112560000.00000 214420800.00000 31754400.00000 4910927999999998976.00000 1006080000.00000 3533856000.00000 111926400.00000 103752000.00000 5866704000.00000    0.06288 2049888.00000
  12.00000  194.00000  216.70000 6489000000000000000.00000 123939900000000.00000 2141370000000000.00000 2011590000000.00000 2011590000000.00000 506790900000.00000 10771739999999.99805 1356201000000000000.00000 1946700000.00000 363384000.00000 204403500.00000 40880700.00000 1563849000.00000 320556.60000 12718440.00000 282920400.00000 11031300.00000 19467000.00000 206350.20000 3231522000.00000 219977100.00000 32509890.00000 5067908999999998976.00000 1038240000.00000 3672774000.00000 126535500.00000 114206400.00000 6398154000.00000    0.06489 2206260.00000
  11.80000  200.19200  216.72000 6695000000000000000.00000 150637500000000.00000 2209350000000000.00000 1948244999999.99976 2082144999999.99976 538277999999.99994 11113699999999.99805 1399255000000000000.00000 2008500000.00000 377598000.00000 203528000.00000 48337900.00000 1559935000.00000 328724.50000 12117950.00000 295249500.00000 11381500.00000 20085000.00000 195494.00000 3347500000.00000 227630000.00000 33073300.00000 5228794999999998976.00000 1071200000.00000 3809455000.00000 150637500.00000 121849000.00000 7029750000.00000    0.06695 2396810.00000
  11.60000  206.58100  216.74000 6908000000000000000.00000 178917199999999.96875 2279640000000000.00000 1878976000000.00000 2155296000000.00000 571291600000.00000 11467279999999.99805 1443772000000000000.00000 2072400000.00000 392374400.00000 203095200.00000 56231120.00000 1554300000.00000 337110.40000 11467280.00000 307406000.00000 11743600.00000 20724000.00000 183752.80000 3467816000.00000 235562800.00000 33641960.00000 5395147999999998976.00000 1105280000.00000 3944468000.00000 175463200.00000 130561200.00000 7667880000.00000    0.06908 2597408.00000
  11.40000  213.17500  216.76000 7128000000000000000.00000 208850400000000.00000 2352240000000000.00000 1803384000000.00000 2223936000000.00000 605880000000.00000 11903760000000.00000 1489752000000000000.00000 2138400000.00000 407008800.00000 201722400.00000 64579680.00000 1553904000.00000 346420.80000 10692000.00000 320760000.00000 12117600.00000 21384000.00000 170359.20000 3599640000.00000 243064800.00000 34143120.00000 5566967999999998976.00000 1140480000.00000 4091472000.00000 202435200.00000 138996000.00000 8339760000.00000    0.07128 2808432.00000
  11.20000  219.97900  216.78000 7355000000000000000.00000 240508500000000.00000 2427150000000000.00000 1721070000000.00000 2302115000000.00000 642091500000.00000 12282850000000.00000 1537195000000000000.00000 2206500000.00000 422912500.00000 200791500.00000 73402900.00000 1544550000.00000 355246.50000 9929250.00000 333917000.00000 12503500.00000 22065000.00000 156661.50000 3728985000.00000 251541000.00000 34715600.00000 5744254999999998976.00000 1176800000.00000 4236480000.00000 230211500.00000 148571000.00000 9120200000.00000    0.07355 3030260.00000
  11.00000  227.00000  216.80000 7589000000000000000.00000 273962899999999.96875 2504370000000000.00000 1631634999999.99976 2382946000000.00000 679974400000.00000 12673630000000.00000 1586101000000000000.00000 2276700000.00000 439403100.00000 198831800.00000 82720100.00000 1532978000.00000 364272.00000 9106800.00000 348335100.00000 12901300.00000 22767000.00000 141914.30000 3862801000.00000 260302700.00000 35288850.00000 5927008999999998976.00000 1214240000.00000 4394031000.00000 260302700.00000 157851200.00000 9865700000.00000    0.07589 3263270.00000
  10.80000  234.13700  218.10000 7782000000000000000.00000 333847800000000.00000 2568060000000000.00000 1540836000000.00000 2451330000000.00000 712831200000.00000 12995940000000.00000 1626438000000000000.00000 2334600000.00000 455247000.00000 199997400.00000 99609600.00000 1525272000.00000 371979.60000 8482380.00000 374314200.00000 13229400.00000 23346000.00000 135406.80000 3976602000.00000 270035400.00000 35719380.00000 6077741999999998976.00000 1245120000.00000 4521342000.00000 303498000.00000 164978400.00000 10583520000.00000    0.07782 3517464.00000
  10.60000  241.49800  219.40000 7979000000000000000.00000 396556300000000.00000 2633070000000000.00000 1444199000000.00000 2521364000000.00000 746834400000.00000 13324930000000.00000 1667611000000000000.00000 2393700000.00000 471558900.00000 201070800.00000 117291300.00000 1523989000.00000 379002.50000 7843357.00000 401343700.00000 13564300.00000 23937000.00000 128461.90000 4093227000.00000 280062900.00000 36144870.00000 6231598999999998976.00000 1276640000.00000 4651757000.00000 348682300.00000 172346400.00000 11250390000.00000    0.07979 3782046.00000
  10.40000  249.09100  220.70000 8182000000000000000.00000 461464799999999.93750 2700060000000000.00000 1350030000000.00000 2585512000000.00000 782199200000.00000 13745759999999.99805 1710038000000000000.00000 2454600000.00000 487647200.00000 202913600.00000 135003000.00000 1513670000.00000 387008.60000 7151068.00000 428736800.00000 13909400.00000 24546000.00000 120275.40000 4205548000.00000 290461000.00000 36491720.00000 6390141999999998976.00000 1309120000.00000 4778288000.00000 396827000.00000 179185800.00000 12027540000.00000    0.08182 4058272.00000
  10.20000  256.92200  222.00000 8389000000000000000.00000 530184800000000.06250 2768370000000000.00000 1241571999999.99976 2659313000000.00000 818766400000.00000 14093519999999.99805 1753301000000000000.00000 2516700000.00000 505017800.00000 203852700.00000 154357600.00000 1510020000.00000 394283.00000 6425974.00000 458039400.00000 14261300.00000 25167000.00000 112412.60000 4328724000.00000 301165100.00000 36911600.00000 6551808999999998976.00000 1342240000.00000 4915954000.00000 446294800.00000 187074700.00000 12751280000.00000    0.08389 4345502.00000
  10.00000  265.00000  223.30000 8602000000000000000.00000 602140000000000.00000 2838660000000000.00000 1126862000000.00000 2735436000000.00000 856759199999.99988 14451359999999.99805 1797818000000000000.00000 2580600000.00000 523001600.00000 204727600.00000 174620600.00000 1496748000.00000 402573.60000 5651514.00000 488593600.00000 14623400.00000 25806000.00000 104084.20000 4455836000.00000 312252600.00000 37332680.00000 6718161999999998976.00000 1376320000.00000 5057976000.00000 498055800.00000 195265400.00000 13591160000.00000    0.08602 4645080.00000
   9.80000  273.09100  224.58000 8815000000000000000.00000 772193999999999.87500 2908950000000000.00000 1084245000000.00000 2803170000000.00000 890315000000.00000 14809199999999.99805 1842335000000000000.00000 2644500000.00000 544767000.00000 208915500.00000 209797000.00000 1498550000.00000 410779.00000 5341890.00000 532426000.00000 14985500.00000 26445000.00000 104017.00000 4574985000.00000 330562500.00000 38345250.00000 6884514999999998976.00000 1410400000.00000 5192035000.00000 568567500.00000 202745000.00000 14192150000.00000    0.08815 5253740.00000
   9.60000  281.42800  225.86000 9033000000000000000.00000 948464999999999.87500 2980890000000000.00000 1038795000000.00000 2872494000000.00000 930399000000.00000 15175439999999.99805 1887897000000000000.00000 2709900000.00000 566369100.00000 213178800.00000 246600900.00000 1499478000.00000 418227.90000 5022348.00000 578112000.00000 15356100.00000 27099000.00000 103879.50000 4706193000.00000 349577100.00000 39474210.00000 7054772999999998976.00000 1445280000.00000 5329470000.00000 642246300.00000 209565600.00000 14814120000.00000    0.09033 5889516.00000
   9.40000  290.02100  227.14000 9256000000000000000.00000 1138487999999999.75000 3054480000000000.00000 990391999999.99988 2952664000000.00000 971879999999.99988 15642640000000.00000 1934504000000000000.00000 2776800000.00000 589607200.00000 216590400.00000 284159200.00000 1490216000.00000 426701.60000 4674280.00000 625705600.00000 15735200.00000 27768000.00000 102741.60000 4831632000.00000 368388800.00000 40541280.00000 7228935999999998976.00000 1480960000.00000 5479552000.00000 719191200.00000 217516000.00000 15364960000.00000    0.09256 6553248.00000
   9.20000  298.87500  228.42000 9485000000000000000.00000 1327900000000000.00000 3130050000000000.00000 943757500000.00000 3025715000000.00000 1014894999999.99988 16029650000000.00000 1982365000000000000.00000 2845500000.00000 612731000.00000 221000500.00000 324387000.00000 1489145000.00000 434413.00000 4315675.00000 675332000.00000 16124500.00000 28455000.00000 102438.00000 4970140000.00000 388885000.00000 41734000.00000 7407784999999998976.00000 1517600000.00000 5624605000.00000 799585500.00000 224794500.00000 16029650000.00000    0.09485 7246540.00000
   9.00000  308.00000  229.70000 9719000000000000000.00000 1535602000000000.00000 3207270000000000.00000 891232300000.00000 3100361000000.00000 1059371000000.00000 16425110000000.00000 2031271000000000000.00000 2915700000.00000 637566400.00000 225480800.00000 366406300.00000 1487007000.00000 443186.40000 3926476.00000 726981200.00000 16522300.00000 29157000.00000 102049.50000 5102475000.00000 410141800.00000 42860790.00000 7590538999999998976.00000 1555040000.00000 5773086000.00000 883457100.00000 233256000.00000 16716680000.00000    0.09719 7969580.00000
   8.80000  317.14100  231.00000 9952000000000000000.00000 1990399999999999.75000 3284160000000000.00000 848905600000.00000 3174688000000.00000 1104672000000.00000 16818880000000.00000 2079968000000000000.00000 2985600000.00000 665788800.00000 230886400.00000 428931200.00000 1492800000.00000 451820.80000 3692192.00000 794169600.00000 16918400.00000 29856000.00000 103500.80000 5234752000.00000 435897600.00000 44485440.00000 7772511999999998976.00000 1592320000.00000 5921440000.00000 968329600.00000 241833600.00000 17216960000.00000    0.09952 9713152.00000
   8.60000  326.55300  232.30000 10190000000000000000.00000 2465980000000000.00000 3362700000000000.00000 803991000000.00000 3250610000000.00000 1151470000000.00000 17221100000000.00000 2129710000000000000.00000 3057000000.00000 694958000.00000 235389000.00000 494215000.00000 1497930000.00000 460588.00000 3454410.00000 863093000.00000 17323000.00000 30570000.00000 104957.00000 5380320000.00000 462626000.00000 46160700.00000 7958389999999998976.00000 1630400000.00000 6073240000.00000 1059760000.00000 250674000.00000 17832500000.00000    0.10190 11514700.00000
   8.40000  336.24500  233.60000 10430000000000000000.00000 2951690000000000.00000 3441900000000000.00000 756174999999.99988 3337600000000.00000 1199450000000.00000 17731000000000.00000 2179870000000000000.00000 3129000000.00000 724885000.00000 240933000.00000 563220000.00000 1512350000.00000 468307.00000 3191580.00000 935571000.00000 17731000.00000 31290000.00000 107429.00000 5517470000.00000 489167000.00000 47769400.00000 8145829999999998976.00000 1668800000.00000 6216280000.00000 1147300000.00000 259707000.00000 18356800000.00000    0.10430 13454700.00000
   8.20000  346.22400  234.90000 10680000000000000000.00000 3471000000000000.00000 3524400000000000.00000 705948000000.00000 3417600000000.00000 1249560000000.00000 18156000000000.00000 2232120000000000000.00000 3204000000.00000 756144000.00000 245640000.00000 634392000.00000 1516560000.00000 477396.00000 2926320.00000 1010328000.00000 18156000.00000 32040000.00000 108936.00000 5671080000.00000 517980000.00000 49555200.00000 8341079999999998976.00000 1708800000.00000 6375960000.00000 1249560000.00000 269136000.00000 19010400000.00000    0.10680 15379200.00000
   8.00000  356.50000  236.20000 10940000000000000000.00000 4014979999999999.50000 3610200000000000.00000 653118000000.00000 3500800000000.00000 1301860000000.00000 18597999999999.99609 2286460000000000000.00000 3282000000.00000 788774000.00000 251620000.00000 708912000.00000 1520660000.00000 486830.00000 2636540.00000 1089624000.00000 18598000.00000 32820000.00000 110494.00000 5820080000.00000 548094000.00000 51418000.00000 8544139999999998976.00000 1750400000.00000 6542120000.00000 1345620000.00000 278970000.00000 19582600000.00000    0.10940 17504000.00000
   7.80000  366.80700  237.50000 11200000000000000000.00000 4569600000000000.00000 3696000000000000.00000 646240000000.00000 3584000000000.00000 1344000000000.00000 19039999999999.99609 2340800000000000000.00000 3360000000.00000 832160000.00000 257600000.00000 801920000.00000 1523200000.00000 497280.00000 2497600.00000 1187200000.00000 19040000.00000 33600000.00000 113120.00000 5980800000.00000 584640000.00000 54208000.00000 8747199999999998976.00000 1792000000.00000 6697600000.00000 1433600000.00000 291200000.00000 20160000000.00000    0.11200 20160000.00000
   7.60000  377.41100  238.80000 11460000000000000000.00000 5145540000000000.00000 3781800000000000.00000 639468000000.00000 3667200000000.00000 1386659999999.99976 19481999999999.99609 2395140000000000000.00000 3438000000.00000 876690000.00000 263580000.00000 898464000.00000 1535640000.00000 507678.00000 2360760.00000 1294980000.00000 19482000.00000 34380000.00000 115746.00000 6131100000.00000 621132000.00000 57185400.00000 8950259999999998976.00000 1833600000.00000 6864540000.00000 1524180000.00000 303690000.00000 20742600000.00000    0.11460 22920000.00000
   7.40000  388.32200  240.10000 11730000000000000000.00000 5747700000000000.00000 3870900000000000.00000 632247000000.00000 3753600000000.00000 1442790000000.00000 19940999999999.99609 2451570000000000000.00000 3519000000.00000 921978000.00000 269790000.00000 999396000.00000 1536630000.00000 519639.00000 2205240.00000 1395870000.00000 19941000.00000 35190000.00000 117300.00000 6299010000.00000 660399000.00000 60174900.00000 9161129999999998976.00000 1876800000.00000 7026270000.00000 1630470000.00000 316710000.00000 21465900000.00000    0.11730 25806000.00000
   7.20000  399.54900  241.40000 12000000000000000000.00000 6372000000000000.00000 3960000000000000.00000 624000000000.00000 3840000000000.00000 1488000000000.00000 20399999999999.99609 2508000000000000000.00000 3600000000.00000 969600000.00000 276000000.00000 1104000000.00000 1548000000.00000 530400.00000 2052000.00000 1512000000.00000 20400000.00000 36000000.00000 120000.00000 6456000000.00000 699600000.00000 63360000.00000 9372000000000000000.00000 1920000000.00000 7200000000.00000 1728000000.00000 330000000.00000 22080000000.00000    0.12000 28800000.00000
   7.00000  411.10000  242.70000 12280000000000000000.00000 7024160000000000.00000 4052400000000000.00000 615228000000.00000 3929600000000.00000 1535000000000.00000 20875999999999.99609 2566520000000000000.00000 3684000000.00000 1019240000.00000 282440000.00000 1213264000.00000 1547280000.00000 541548.00000 1878840.00000 1620960000.00000 20876000.00000 36840000.00000 122800.00000 6631200000.00000 741712000.00000 66557600.00000 9590679999999997952.00000 1964800000.00000 7368000000.00000 1829720000.00000 343840000.00000 22718000000.00000    0.12280 31928000.00000
   6.80000  422.65200  244.00000 12560000000000000000.00000 8076080000000000.00000 4144800000000000.00000 606648000000.00000 4019200000000.00000 1582559999999.99976 21351999999999.99609 2625040000000000000.00000 3768000000.00000 1077648000.00000 288880000.00000 1356480000.00000 1544880000.00000 553896.00000 1770960.00000 1770960000.00000 21352000.00000 37680000.00000 125600.00000 6807520000.00000 793792000.00000 70587200.00000 9809359999999997952.00000 2009600000.00000 7536000000.00000 1909120000.00000 361728000.00000 23361600000.00000    0.12560 37177600.00000
   6.60000  434.52900  245.30000 12840000000000000000.00000 9154920000000000.00000 4237200000000000.00000 597060000000.00000 4108800000000.00000 1630679999999.99976 21827999999999.99609 2683560000000000000.00000 3852000000.00000 1137624000.00000 295320000.00000 1515120000.00000 1540800000.00000 566244.00000 1656360.00000 1938840000.00000 21828000.00000 38520000.00000 128400.00000 6972120000.00000 847440000.00000 74728800.00000 10028039999999997952.00000 2054400000.00000 7704000000.00000 2003040000.00000 380064000.00000 24010800000.00000    0.12840 42628800.00000
   6.40000  446.74000  246.60000 13130000000000000000.00000 10293920000000000.00000 4332900000000000.00000 586911000000.00000 4201600000000.00000 1667509999999.99976 22320999999999.99609 2744170000000000000.00000 3939000000.00000 1201395000.00000 301990000.00000 1667510000.00000 1536210000.00000 577720.00000 1523080.00000 2100800000.00000 22321000.00000 39390000.00000 131300.00000 7155850000.00000 903344000.00000 79042600.00000 10254529999999997952.00000 2100800000.00000 7878000000.00000 2087670000.00000 397839000.00000 24684400000.00000    0.13130 48318400.00000
   6.20000  459.29300  247.90000 13430000000000000000.00000 11469220000000000.00000 4431900000000000.00000 576147000000.00000 4297600000000.00000 1719040000000.00000 22830999999999.99609 2806870000000000000.00000 4029000000.00000 1266449000.00000 308890000.00000 1839910000.00000 1531020000.00000 590920.00000 1396720.00000 2283100000.00000 22831000.00000 40290000.00000 134300.00000 7332780000.00000 961588000.00000 83534600.00000 10488829999999997952.00000 2148800000.00000 8058000000.00000 2189090000.00000 417673000.00000 25382700000.00000    0.13430 54257200.00000
   6.00000  472.20000  249.20000 13730000000000000000.00000 12700250000000000.00000 4530900000000000.00000 564303000000.00000 4393600000000.00000 1771170000000.00000 23340999999999.99609 2869570000000000000.00000 4119000000.00000 1333183000.00000 315790000.00000 2004580000.00000 1524030000.00000 604120.00000 1260414.00000 2457670000.00000 23341000.00000 41190000.00000 137300.00000 7524040000.00000 1021512000.00000 88146600.00000 10723129999999997952.00000 2196800000.00000 8238000000.00000 2279180000.00000 437987000.00000 26087000000.00000    0.13730 60412000.00000
   5.80000  485.13200  250.50000 14030000000000000000.00000 14310599999999998.00000 4629900000000000.00000 566812000000.00000 4489600000000.00000 1809870000000.00000 23850999999999.99609 2932270000000000000.00000 4209000000.00000 1417030000.00000 322690000.00000 2216740000.00000 1515240000.00000 617320.00000 1188341.00000 2679730000.00000 23851000.00000 42090000.00000 140300.00000 7702470000.00000 1115385000.00000 94562200.00000 10957429999999997952.00000 2244800000.00000 8418000000.00000 2357040000.00000 470005000.00000 26797300000.00000    0.14030 70430600.00000
   5.60000  498.41800  251.80000 14350000000000000000.00000 15928499999999998.00000 4735500000000000.00000 569695000000.00000 4592000000000.00000 1851150000000.00000 24394999999999.99609 2999150000000000000.00000 4305000000.00000 1506750000.00000 330050000.00000 2425150000.00000 1521100000.00000 631400.00000 1113560.00000 2913050000.00000 24395000.00000 43050000.00000 143500.00000 7906850000.00000 1214010000.00000 101311000.00000 11207349999999997952.00000 2296000000.00000 8624350000.00000 2439500000.00000 503685000.00000 27552000000.00000    0.14350 80934000.00000
   5.40000  512.06800  253.10000 14660000000000000000.00000 17738599999999998.00000 4837800000000000.00000 573206000000.00000 4691200000000.00000 1905800000000.00000 24921999999999.99609 3063940000000000000.00000 4398000000.00000 1612600000.00000 337180000.00000 2653460000.00000 1509980000.00000 645040.00000 1033530.00000 3151900000.00000 24922000.00000 43980000.00000 146600.00000 8092320000.00000 1316468000.00000 108044200.00000 11449459999999997952.00000 2345600000.00000 8810660000.00000 2536180000.00000 538022000.00000 28293800000.00000    0.14660 91771600.00000
   5.20000  526.09200  254.40000 14990000000000000000.00000 19487000000000000.00000 4946700000000000.00000 575615999999.99988 4796800000000.00000 1948700000000.00000 25482999999999.99609 3132910000000000000.00000 4497000000.00000 1708860000.00000 344770000.00000 2878080000.00000 1499000000.00000 659560.00000 950366.00000 3402730000.00000 25483000.00000 44970000.00000 149900.00000 8304460000.00000 1422551000.00000 115273100.00000 11707189999999997952.00000 2398400000.00000 9023980000.00000 2623250000.00000 574117000.00000 29080600000.00000    0.14990 103131200.00000
   5.00000  540.50000  255.70000 15320000000000000000.00000 21448000000000000.00000 5055600000000000.00000 577563999999.99988 4902400000000.00000 1991600000000.00000 26043999999999.99609 3201880000000000000.00000 4596000000.00000 1807760000.00000 352360000.00000 3125280000.00000 1493700000.00000 674080.00000 862516.00000 3661480000.00000 26044000.00000 45960000.00000 153200.00000 8502600000.00000 1532000000.00000 122713200.00000 11964919999999997952.00000 2451200000.00000 9222640000.00000 2711640000.00000 611268000.00000 29874000000.00000    0.15320 114900000.00000
   4.80000  554.92900  257.00000 15650000000000000000.00000 24257500000000000.00000 5164500000000000.00000 577485000000.00000 5008000000000.00000 2034500000000.00000 26604999999999.99609 3270850000000000000.00000 4695000000.00000 1940600000.00000 359950000.00000 3458650000.00000 1497705000.00000 688600.00000 804410.00000 3990750000.00000 26605000.00000 46950000.00000 156500.00000 8701400000.00000 1690200000.00000 130990500.00000 12222649999999997952.00000 2504000000.00000 9436950000.00000 2785700000.00000 658865000.00000 30674000000.00000    0.15650 125200000.00000
   4.60000  569.74300  258.30000 15990000000000000000.00000 27183000000000000.00000 5276700000000000.00000 578838000000.00000 5116800000000.00000 2078700000000.00000 27182999999999.99609 3341910000000000000.00000 4797000000.00000 2062710000.00000 367770000.00000 3805620000.00000 1503060000.00000 703560.00000 743535.00000 4333290000.00000 27183000.00000 47970000.00000 159900.00000 8922420000.00000 1854840000.00000 139592700.00000 12488189999999997952.00000 2558400000.00000 9657960000.00000 2878200000.00000 706758000.00000 31340400000.00000    0.15990 135915000.00000
   4.40000  584.95200  259.60000 16330000000000000000.00000 30210499999999996.00000 5388900000000000.00000 578082000000.00000 5225600000000.00000 2139230000000.00000 27760999999999.99609 3412970000000000000.00000 4899000000.00000 2204550000.00000 375590000.00000 4147820000.00000 1505626000.00000 718520.00000 679328.00000 4686710000.00000 27761000.00000 48990000.00000 163300.00000 9128470000.00000 2024920000.00000 148276400.00000 12753729999999997952.00000 2612800000.00000 9879650000.00000 2955730000.00000 757712000.00000 32170100000.00000    0.16330 146970000.00000
   4.20000  600.56800  260.90000 16680000000000000000.00000 33526800000000000.00000 5504400000000000.00000 577128000000.00000 5337600000000.00000 2185080000000.00000 28355999999999.99609 3486120000000000000.00000 5004000000.00000 2335200000.00000 383640000.00000 4520280000.00000 1509540000.00000 733920.00000 612156.00000 5054040000.00000 28356000.00000 50040000.00000 166800.00000 9357480000.00000 2201760000.00000 157459200.00000 13027079999999997952.00000 2668800000.00000 10108080000.00000 3052440000.00000 808980000.00000 32859600000.00000    0.16680 158460000.00000
   4.00000  616.60000  262.20000 17040000000000000000.00000 36806400000000000.00000 5623200000000000.00000 577656000000.00000 5452800000000.00000 2232240000000.00000 28967999999999.99609 3561360000000000000.00000 5112000000.00000 2487840000.00000 391920000.00000 4907520000.00000 1511448000.00000 749760.00000 541872.00000 5435760000.00000 28968000.00000 51120000.00000 170400.00000 9576480000.00000 2385600000.00000 166992000.00000 13308239999999997952.00000 2726400000.00000 10343280000.00000 3135360000.00000 863928000.00000 33739200000.00000    0.17040 170400000.00000
   3.80000  632.66100  263.50000 17400000000000000000.00000 41063999999999992.00000 5742000000000000.00000 586380000000.00000 5568000000000.00000 2296800000000.00000 29579999999999.99609 3636600000000000000.00000 5220000000.00000 2697000000.00000 400200000.00000 5324400000.00000 1510320000.00000 765600.00000 511560.00000 5916000000.00000 29580000.00000 52200000.00000 174000.00000 9813600000.00000 2731800000.00000 175740000.00000 13589399999999997952.00000 2784000000.00000 10614000000.00000 3219000000.00000 939600000.00000 34451999999.99999    0.17400 191400000.00000
   3.60000  649.14100  264.80000 17760000000000000000.00000 45643200000000000.00000 5860800000000000.00000 596735999999.99988 5683200000000.00000 2362080000000.00000 30191999999999.99609 3711840000000000000.00000 5328000000.00000 2912640000.00000 408480000.00000 5772000000.00000 1507824000.00000 781440.00000 479520.00000 6393600000.00000 30192000.00000 53280000.00000 177600.00000 10034400000.00000 3108000000.00000 184704000.00000 13870559999999997952.00000 2841600000.00000 10886880000.00000 3303360000.00000 1019424000.00000 35342400000.00000    0.17760 213120000.00000
   3.40000  666.05000  266.10000 18140000000000000000.00000 50247800000000000.00000 5986200000000000.00000 607690000000.00000 5804800000000.00000 2412620000000.00000 30837999999999.99609 3791260000000000000.00000 5442000000.00000 3120080000.00000 417220000.00000 6222020000.00000 1503806000.00000 798160.00000 444430.00000 6911340000.00000 30838000.00000 54420000.00000 181400.00000 10285380000.00000 3482880000.00000 195912000.00000 14167339999999997952.00000 2920540000.00000 11174240000.00000 3392180000.00000 1101098000.00000 36098600000.00000    0.18140 235820000.00000
   3.20000  683.39900  267.40000 18520000000000000000.00000 55189600000000000.00000 6111600000000000.00000 616716000000.00000 5926400000000.00000 2481680000000.00000 31483999999999.99609 3870680000000000000.00000 5556000000.00000 3352120000.00000 425960000.00000 6704240000.00000 1500120000.00000 814880.00000 409292.00000 7426520000.00000 31484000.00000 55560000.00000 185200.00000 10519360000.00000 3889200000.00000 205572000.00000 14464119999999997952.00000 2981720000.00000 11463880000.00000 3481760000.00000 1187132000.00000 37040000000.00000    0.18520 259280000.00000
   3.00000  701.20000  268.70000 18910000000000000000.00000 60133799999999992.00000 6240300000000000.00000 627812000000.00000 6051200000000.00000 2552850000000.00000 32146999999999.99609 3952190000000000000.00000 5673000000.00000 3592900000.00000 434930000.00000 7185800000.00000 1495781000.00000 832040.00000 372527.00000 7980020000.00000 32147000.00000 56730000.00000 189100.00000 10778700000.00000 4292570000.00000 215574000.00000 14768709999999997952.00000 3044510000.00000 11762020000.00000 3573990000.00000 1274534000.00000 37820000000.00000    0.18910 283650000.00000
   2.80000  719.03000  270.00000 19300000000000000000.00000 66971000000000000.00000 6369000000000000.00000 636900000000.00000 6176000000000.00000 2624800000000.00000 32809999999999.99609 4033700000000000000.00000 5790000000.00000 3840700000.00000 443900000.00000 7662100000.00000 1488030000.00000 849200.00000 351260.00000 8685000000.00000 32810000.00000 57900000.00000 193000.00000 11039600000.00000 5056600000.00000 223880000.00000 15073299999999997952.00000 3107300000.00000 12081800000.00000 3667000000.00000 1410830000.00000 38600000000.00000    0.19300 308800000.00000
   2.60000  737.31300  271.30000 19700000000000000000.00000 74072000000000000.00000 6501000000000000.00000 648129999999.99988 6304000000000.00000 2698900000000.00000 33489999999999.99609 4117300000000000000.00000 5910000000.00000 4097600000.00000 453100000.00000 8136100000.00000 1481440000.00000 866800.00000 328990.00000 9416600000.00000 33490000.00000 59100000.00000 197000.00000 11307800000.00000 5870600000.00000 230490000.00000 15385699999999997952.00000 3191400000.00000 12411000000.00000 3743000000.00000 1550390000.00000 39400000000.00000    0.19700 334900000.00000
   2.40000  756.06100  272.60000 20100000000000000000.00000 81405000000000000.00000 6633000000000000.00000 657270000000.00000 6432000000000.00000 2773800000000.00049 34169999999999.99609 4200900000000000000.00000 6030000000.00000 4381800000.00000 462300000.00000 8643000000.00000 1471320000.00000 884400.00000 307530.00000 10150500000.00000 34170000.00000 60300000.00000 201000.00000 11577600000.00000 6693300000.00000 239190000.00000 15698099999999997952.00000 3256200000.00000 12763500000.00000 3839100000.00000 1696440000.00000 40200000000.00000    0.20100 361800000.00000
   2.20000  775.28600  273.90000 20520000000000000000.00000 89056800000000000.00000 6771600000000000.00000 666900000000.00000 6566400000000.00000 2852280000000.00049 34883999999999.99609 4288680000000000000.00000 6156000000.00000 4658040000.00000 471960000.00000 9151920000.00000 1463076000.00000 902880.00000 283176.00000 10937160000.00000 34884000.00000 61560000.00000 205200.00000 11860560000.00000 7571880000.00000 246240000.00000 16026119999999997952.00000 3344760000.00000 13112280000.00000 3919320000.00000 1846800000.00000 41040000000.00000    0.20520 389880000.00000
   2.00000  795.00000  275.20000 20940000000000000000.00000 96952199999999984.00000 6910200000000000.00000 678456000000.00000 6700800000000.00000 2931600000000.00000 35598000000000.00000 4376460000000000000.00000 6282000000.00000 4941840000.00000 481620000.00000 9695220000.00000 1451142000.00000 921360.00000 257562.00000 11747340000.00000 35598000.00000 62820000.00000 209400.00000 12145200000.00000 8459760000.00000 255468000.00000 16354139999999997952.00000 3413220000.00000 13464420000.00000 4020480000.00000 2003958000.00000 41880000000.00000    0.20940 418800000.00000
   1.80000  814.75400  276.50000 21360000000000000000.00000 105091200000000000.00000 7048800000000000.00000 679248000000.00000 6835200000000.00000 3011759999999.99951 36312000000000.00000 4464240000000000000.00000 6408000000.00000 5211840000.00000 491280000.00000 10039200000.00000 1439664000.00000 939840.00000 252048.00000 12794640000.00000 36312000.00000 64080000.00000 213600.00000 12431520000.00000 11470320000.00000 254184000.00000 16682159999999997952.00000 3481680000.00000 13841280000.00000 4122480000.00000 2370960000.00000 42720000000.00000    0.21360 465648000.00000
   1.60000  834.99800  277.80000 21790000000000000000.00000 113525899999999984.00000 7190700000000000.00000 677669000000.00000 6972800000000.00000 3094179999999.99951 37042999999999.99219 4554110000000000000.00000 6537000000.00000 5469290000.00000 501170000.00000 10415620000.00000 1425066000.00000 958760.00000 248406.00000 13858440000.00000 37043000.00000 65370000.00000 217900.00000 12725360000.00000 14599300000.00000 252764000.00000 17017989999999997952.00000 3573560000.00000 14250660000.00000 4205470000.00000 2745540000.00000 43580000000.00000    0.21790 514244000.00000
   1.40000  855.74600  279.10000 22230000000000000000.00000 122265000000000000.00000 7335900000000000.00000 678014999999.99988 7113600000000.00000 3178889999999.99951 37790999999999.99219 4646070000000000000.00000 6669000000.00000 5757570000.00000 511290000.00000 10781550000.00000 1411605000.00000 978120.00000 242307.00000 14983020000.00000 37791000.00000 66690000.00000 222300.00000 13026780000.00000 17872920000.00000 248976000.00000 17361629999999997952.00000 3645720000.00000 14649570000.00000 4312620000.00000 3134430000.00000 44460000000.00000    0.22230 564642000.00000
   1.20000  877.00900  280.40000 22670000000000000000.00000 131032599999999984.00000 7481100000000000.00000 677832999999.99988 7254400000000.00000 3264480000000.00000 38538999999999.99219 4738030000000000000.00000 6801000000.00000 6030220000.00000 521410000.00000 11176310000.00000 1394205000.00000 997480.00000 238035.00000 16118370000.00000 38539000.00000 68010000.00000 226700.00000 13329960000.00000 21241790000.00000 247103000.00000 17705269999999997952.00000 3740550000.00000 15075550000.00000 4397980000.00000 3559190000.00000 45340000000.00000    0.22670 616624000.00000
   1.00000  898.80000  281.70000 23130000000000000000.00000 140399100000000000.00000 7632900000000000.00000 677709000000.00000 7401600000000.00000 3353849999999.99951 39320999999999.99219 4834170000000000000.00000 6939000000.00000 6337620000.00000 531990000.00000 11565000000.00000 1378548000.00000 1017720.00000 231300.00000 17324370000.00000 39321000.00000 69390000.00000 231300.00000 13646700000.00000 24749100000.00000 245178000.00000 18064529999999997952.00000 3816450000.00000 15497100000.00000 4510350000.00000 3978360000.00000 46260000000.00000    0.23130 670770000.00000
   0.80000  920.56100  283.00000 23580000000000000000.00000 151147800000000000.00000 7781400000000000.00000 679103999999.99988 7545600000000.00000 3442679999999.99951 40085999999999.99219 4928220000000000000.00000 7074000000.00000 6578820000.00000 542340000.00000 11790000000.00000 1360566000.00000 1037520.00000 235800.00000 18840420000.00000 40086000.00000 70740000.00000 235800.00000 13959360000.00000 31597200000.00000 235800000.00000 18415979999999997952.00000 3914280000.00000 15940080000.00000 4621680000.00000 4668840000.00000 47160000000.00000    0.23580 735696000.00000
   0.60000  942.84800  284.30000 24040000000000000000.00000 162029600000000000.00000 7933200000000000.00000 677928000000.00000 7692800000000.00000 3533879999999.99951 40867999999999.99219 5024360000000000000.00000 7212000000.00000 6827360000.00000 552920000.00000 12020000000.00000 1341432000.00000 1057760.00000 240400.00000 20409960000.00000 40868000.00000 72120000.00000 240400.00000 14279760000.00000 38464000000.00000 226937600.00000 18775240000000000000.00000 4014680000.00000 16395280000.00000 4735880000.00000 5360920000.00000 48080000000.00000    0.24040 802936000.00000
   0.40000  965.67500  285.60000 24510000000000000000.00000 173530800000000000.00000 8088300000000000.00000 678926999999.99988 7843200000000.00000 3627479999999.99951 41666999999999.99219 5122590000000000000.00000 7353000000.00000 7107900000.00000 563730000.00000 12255000000.00000 1318638000.00000 1078440.00000 245100.00000 22059000000.00000 41667000.00000 73530000.00000 245100.00000 14607960000.00000 45833700000.00000 217158600.00000 19142310000000000000.00000 4117680000.00000 16862880000.00000 4852980000.00000 6102990000.00000 49020000000.00000    0.24510 872556000.00000
   0.20000  989.05400  286.90000 24990000000000000000.00000 185175900000000000.00000 8246700000000000.00000 677229000000.00000 7996800000000.00000 3723510000000.00000 42482999999999.99219 5222910000000000000.00000 7497000000.00000 7372050000.00000 574770000.00000 12495000000.00000 1296981000.00000 1099560.00000 249900.00000 23740500000.00000 42483000.00000 74970000.00000 249900.00000 14944020000.00000 53228700000.00000 206917200.00000 19517189999999995904.00000 4223310000.00000 17343060000.00000 4973010000.00000 6847260000.00000 49980000000.00000    0.24990 944622000.00000
   0.00000 1013.00000  288.20000 25480000000000000000.00000 197215200000000000.00000 8408400000000000.00000 677767999999.99988 8153600000000.00000 3822000000000.00000 43315999999999.99219 5325320000000000000.00000 7644000000.00000 7644000000.00000 586040000.00000 12740000000.00000 1274000000.00000 1121120.00000 254800.00000 25480000000.00000 43316000.00000 76440000.00000 254800.00000 15288000000.00000 61151999999.99999 196196000.00000 19899879999999995904.00000 4331600000.00000 17836000000.00000 5096000000.00000 7644000000.00000 50960000000.00000    0.25480 1019200000.00000
