700.15771    0    0    0    0 0
700.89386    0    0    0    0 0
701.63147    0    0    0    0 0
702.37067    0    0    0    0 0
703.11145    0    0    0    0 0
703.85382    0    0    0    0 0
704.59772    0    0    0    0 0
705.34320    0    0    0    0 0
706.09021    0    0    0    0 0
706.83887    0    0    0    0 0
707.58911    0    0    0    0 0
708.34094    0    0    0    0 0
709.09436    0    0    0    0 0
709.84937    0    0    0    0 0
710.60602    0    0    0    0 0
711.36426    0    0    0    0 0
712.12408    0    0    0    0 0
712.88562    0    0    0    0 0
713.64874    0    0    0    0 0
714.41351    0    0    0    0 0
715.17987    0    0    0    0 0
715.94794    0    0    0    0 0
716.71765    0    0    0    0 0
717.48901    0    0    0    0 0
718.26202    0    0    0    0 0
719.03668    0    0    0    0 0
719.81305    0    0    0    0 0
720.59113    0    0    0    0 0
721.37079    0    0    0    0 0
722.15222    0    0    0    0 0
722.93530    0    0    0    0 0
723.72015    0    0    0    0 0
724.50665    0    0    0    0 0
725.29486    0    0    0    0 0
726.08478    0    0    0    0 0
726.87646    0    0    0    0 0
727.66986    0    0    0    0 0
728.46497    0    0    0    0 0
729.26184    0    0    0    0 0
730.06042    0    0    0    0 0
730.86078    0    0    0    0 0
731.66290    0    0    0    0 0
732.46680    0    0    0    0 0
733.27246    0    0    0    0 0
734.07990    0    0    0    0 0
734.88910    0    0    0    0 0
735.70007    0    0    0    0 0
736.51282    0    0    0    0 0
737.32739    0    0    0    0 0
738.14380    0    0    0    0 0
738.96198    0    0    0    0 0
739.78198    0    0    0    0 0
740.60382    0    0    0    0 0
741.42749    0    0    0    0 0
742.25299    0    0    0    0 0
743.08032    0    0    0    0 0
743.90948    0    0    0    0 0
744.74048    0    0    0    0 0
745.57336    0    0    0    0 0
746.40814    0    0    0    0 0
747.24475    0    0    0    0 0
748.08325    0    0    0    0 0
748.92365    0    0    0    0 0
749.76593    0    0    0    0 0
750.61011    0    0    0    0 0
751.45618    0    0    0    0 0
752.30420    0    0    0    0 0
753.15405    0    0    0    0 0
754.00592    0    0    0    0 0
754.85962    0    0    0    0 0
755.71533    0    0    0    0 0
756.57300    0    0    0    0 0
757.43256    0    0    0    0 0
758.29407    0    0    0    0 0
759.15759    0    0    0    0 0
760.02307    0    0    0    0 0
760.89050    0    0    0    0 0
761.75989    0    0    0    0 0
762.63135    0    0    0    0 0
763.50476    0    0    0    0 0
764.38013    0    0    0    0 0
765.25757    0    0    0    0 0
766.13702    0    0    0    0 0
767.01849    0    0    0    0 0
767.90198    0    0    0    0 0
768.78748    0    0    0    0 0
769.67505    0    0    0    0 0
770.56470    0    0    0    0 0
771.45636    0    0    0    0 0
772.35016    0    0    0    0 0
773.24597    0    0    0    0 0
774.14386    0    0    0    0 0
775.04388    0    0    0    0 0
775.94592    0    0    0    0 0
776.85016    0    0    0    0 0
777.75641    0    0    0    0 0
778.66486    0    0    0    0 0
779.57538    0    0    0    0 0
780.48810    0    0    0    0 0
781.40289    0    0    0    0 0
782.31982    0    0    0    0 0
783.23895    0    0    0    0 0
784.16022    0    0    0    0 0
785.08368    0    0    0    0 0
786.00934    0    0    0    0 0
786.93713    0    0    0    0 0
787.86713    0    0    0    0 0
788.79932    0    0    0    0 0
789.73376    0    0    0    0 0
790.67035    0    0    0    0 0
791.60925    0    0    0    0 0
792.55029    0    0    0    0 0
793.49365    0    0    0    0 0
794.43921    0    0    0    0 0
795.38702    0    0    0    0 0
796.33716    0    0    0    0 0
797.28949    0    0    0    0 0
798.24414    0    0    0    0 0
799.20111    0    0    0    0 0
