699.99096680 0 0 1.349828e-02 -3.512766e-03 1.034878e-06 0.000000e+00
700.16833496 0 0 2.564380e-02 -3.979614e-03 1.704254e-06 0.000000e+00
700.75787354 0 0 1.668364e-02 -3.607368e-03 1.254690e-06 0.000000e+00
700.97991943 0 0 2.691415e-02 -3.961954e-03 1.768456e-06 0.000000e+00
701.67675781 0 0 2.800070e-02 -3.945623e-03 1.815635e-06 0.000000e+00
701.82250977 0 0 1.669143e-02 -3.570443e-03 1.269400e-06 0.000000e+00
702.29602051 0 0 2.897184e-02 -3.931765e-03 1.859199e-06 0.000000e+00
702.67913818 0 0 1.722379e-02 -3.524867e-03 1.267653e-06 0.000000e+00
702.97613525 0 0 1.427030e-02 -3.420462e-03 1.074805e-06 0.000000e+00
703.27001953 0 0 3.087719e-02 -3.919884e-03 1.953809e-06 0.000000e+00
703.91815186 0 0 1.533428e-02 -3.430950e-03 1.157871e-06 0.000000e+00
704.00244141 0 0 3.263499e-02 -3.914879e-03 2.026401e-06 0.000000e+00
704.67095947 0 0 3.276459e-02 -3.878750e-03 2.013237e-06 0.000000e+00
705.12841797 0 0 3.365382e-02 -3.872536e-03 2.053242e-06 0.000000e+00
705.43701172 0 0 1.822305e-02 -3.466992e-03 1.348709e-06 0.000000e+00
706.21594238 0 0 3.619101e-02 -3.866568e-03 2.179553e-06 0.000000e+00
706.34155273 0 0 2.603889e-02 -3.631249e-03 1.781534e-06 0.000000e+00
707.06536865 0 0 3.606049e-02 -3.820670e-03 2.162455e-06 0.000000e+00
707.64825439 0 0 3.763008e-02 -3.819974e-03 2.227182e-06 0.000000e+00
708.12670898 0 0 3.812156e-02 -3.809548e-03 2.268366e-06 0.000000e+00
709.15679932 0 0 4.010420e-02 -3.791369e-03 2.334356e-06 0.000000e+00
709.77758789 0 0 4.081287e-02 -3.773439e-03 2.356744e-06 0.000000e+00
710.79565430 0 0 4.286628e-02 -3.760476e-03 2.461698e-06 0.000000e+00
711.40161133 0 0 4.486590e-02 -3.758966e-03 2.533685e-06 0.000000e+00
711.74822998 0 0 3.428844e-02 -3.557907e-03 2.158901e-06 0.000000e+00
712.15441895 0 0 4.736338e-02 -3.756897e-03 2.633782e-06 0.000000e+00
713.13781738 0 0 4.806225e-02 -3.725876e-03 2.670091e-06 0.000000e+00
713.40972900 0 0 4.836910e-02 -3.712117e-03 2.638150e-06 0.000000e+00
714.15661621 0 0 4.980157e-02 -3.700525e-03 2.708128e-06 0.000000e+00
714.91101074 0 0 5.186726e-02 -3.693963e-03 2.792550e-06 0.000000e+00
714.97113037 0 0 3.606512e-02 -3.500836e-03 2.321890e-06 0.000000e+00
715.57525635 0 0 3.797396e-02 -3.479554e-03 2.358673e-06 0.000000e+00
716.21502686 0 0 5.461594e-02 -3.674664e-03 2.922779e-06 0.000000e+00
716.40667725 0 0 2.122850e-02 -3.192352e-03 1.487290e-06 0.000000e+00
716.71026611 0 0 4.987362e-02 -3.609301e-03 2.791557e-06 0.000000e+00
717.11785889 0 0 4.667180e-02 -3.569451e-03 2.753024e-06 0.000000e+00
717.45935059 0 0 9.014106e-03 -2.835998e-03 5.415533e-07 0.000000e+00
718.11407471 0 0 4.659714e-02 -3.535653e-03 2.772885e-06 0.000000e+00
718.36962891 0 0 2.940490e-03 -2.397245e-03 -3.792551e-07 0.000000e+00
718.68041992 0 0 1.376898e-02 -2.996887e-03 9.918840e-07 0.000000e+00
718.83251953 0 0 1.971912e-03 -1.844115e-03 -1.000098e-06 0.000000e+00
719.05230713 0 0 4.982261e-02 -3.529362e-03 2.858615e-06 0.000000e+00
719.45007324 0 0 6.720646e-03 -2.667513e-03 2.451582e-07 0.000000e+00
719.49969482 0 0 4.573362e-02 -3.475323e-03 2.748569e-06 0.000000e+00
720.24859619 0 0 1.962259e-03 -1.835174e-03 -9.789406e-07 0.000000e+00
720.43121338 0 0 4.859652e-02 -3.471574e-03 2.854997e-06 0.000000e+00
720.86383057 0 0 1.243986e-02 -2.886648e-03 8.421344e-07 0.000000e+00
721.16772461 0 0 2.656490e-02 -3.157602e-03 1.786090e-06 0.000000e+00
721.54956055 0 0 6.145601e-02 -3.542810e-03 3.196819e-06 0.000000e+00
721.99700928 0 0 2.362727e-02 -3.033719e-03 1.523137e-06 0.000000e+00
722.47503662 0 0 6.316106e-02 -3.527252e-03 3.290638e-06 0.000000e+00
722.57647705 0 0 1.839427e-02 -2.988365e-03 1.275646e-06 0.000000e+00
723.20483398 0 0 6.474606e-02 -3.508125e-03 3.318750e-06 0.000000e+00
723.35400391 0 0 6.310180e-02 -3.497435e-03 3.325097e-06 0.000000e+00
723.62115479 0 0 3.052655e-02 -3.158891e-03 2.019191e-06 0.000000e+00
723.80895996 0 0 2.175465e-03 -2.009122e-03 -7.847376e-07 0.000000e+00
724.23992920 0 0 1.924413e-02 -2.967102e-03 1.326194e-06 0.000000e+00
724.54888916 0 0 1.919406e-03 -1.795144e-03 -9.292768e-07 0.000000e+00
724.69775391 0 0 6.120277e-02 -3.440737e-03 3.337042e-06 0.000000e+00
725.12365723 0 0 6.346037e-02 -3.447803e-03 3.421006e-06 0.000000e+00
725.21661377 0 0 8.702450e-03 -2.619167e-03 4.054293e-07 0.000000e+00
726.33935547 0 0 1.926243e-02 -2.849376e-03 1.211127e-06 0.000000e+00
726.46917725 0 0 6.770074e-02 -3.433839e-03 3.558584e-06 0.000000e+00
726.49249268 0 0 1.419679e-02 -2.744371e-03 8.563449e-07 0.000000e+00
726.56951904 0 0 6.903369e-02 -3.438396e-03 3.586121e-06 0.000000e+00
727.83599854 0 0 6.925541e-03 -2.521520e-03 2.441061e-07 0.000000e+00
728.06091309 0 0 6.525517e-02 -3.374327e-03 3.560953e-06 0.000000e+00
728.30230713 0 0 3.550658e-02 -3.052422e-03 2.196823e-06 0.000000e+00
728.49346924 0 0 7.824005e-02 -3.429730e-03 3.813810e-06 0.000000e+00
729.30419922 0 0 1.433735e-02 -2.704819e-03 8.754637e-07 0.000000e+00
729.35919189 0 0 6.822506e-02 -3.356230e-03 3.671559e-06 0.000000e+00
730.17724609 0 0 2.377747e-02 -2.847636e-03 1.487480e-06 0.000000e+00
730.24169922 0 0 7.978659e-02 -3.394425e-03 3.951969e-06 0.000000e+00
730.75122070 0 0 7.676927e-02 -3.362337e-03 3.895907e-06 0.000000e+00
731.21728516 0 0 1.733741e-02 -2.705123e-03 1.045017e-06 0.000000e+00
731.29528809 0 0 2.007842e-02 -2.777413e-03 1.273433e-06 0.000000e+00
731.64416504 0 0 7.851799e-02 -3.347113e-03 3.963916e-06 0.000000e+00
732.28399658 0 0 3.356087e-02 -2.934244e-03 2.061011e-06 0.000000e+00
732.52239990 0 0 9.160629e-02 -3.376030e-03 4.204301e-06 0.000000e+00
732.90692139 0 0 3.121871e-02 -2.913642e-03 1.960115e-06 0.000000e+00
732.97637939 0 0 9.050600e-02 -3.364125e-03 4.228304e-06 0.000000e+00
734.19964600 0 0 9.878105e-02 -3.356727e-03 4.402585e-06 0.000000e+00
734.34130859 0 0 6.096119e-02 -3.138057e-03 3.388866e-06 0.000000e+00
734.92230225 0 0 9.840966e-02 -3.340527e-03 4.433010e-06 0.000000e+00
735.13354492 0 0 4.273205e-02 -2.981833e-03 2.556402e-06 0.000000e+00
735.56463623 0 0 1.013875e-01 -3.332704e-03 4.503960e-06 0.000000e+00
735.66076660 0 0 6.176322e-02 -3.099625e-03 3.396183e-06 0.000000e+00
736.30212402 0 0 5.199965e-02 -3.024754e-03 2.988940e-06 0.000000e+00
736.47125244 0 0 1.018412e-01 -3.314127e-03 4.549933e-06 0.000000e+00
737.00988770 0 0 1.054985e-01 -3.307520e-03 4.598298e-06 0.000000e+00
737.56878662 0 0 6.238698e-02 -3.067261e-03 3.437694e-06 0.000000e+00
737.86828613 0 0 1.089599e-01 -3.296012e-03 4.692336e-06 0.000000e+00
738.46716309 0 0 7.986240e-02 -3.157836e-03 4.085547e-06 0.000000e+00
738.90307617 0 0 1.124554e-01 -3.278584e-03 4.761723e-06 0.000000e+00
739.22052002 0 0 6.923850e-02 -3.098236e-03 3.765006e-06 0.000000e+00
739.51593018 0 0 1.100079e-01 -3.261733e-03 4.748192e-06 0.000000e+00
740.29473877 0 0 1.153717e-01 -3.257025e-03 4.880993e-06 0.000000e+00
741.30285645 0 0 1.158645e-01 -3.235698e-03 4.862467e-06 0.000000e+00
742.65533447 0 0 1.212262e-01 -3.216292e-03 4.949760e-06 0.000000e+00
743.48590088 0 0 1.225316e-01 -3.201501e-03 4.970406e-06 0.000000e+00
744.31976318 0 0 1.252380e-01 -3.189481e-03 5.021809e-06 0.000000e+00
745.14764404 0 0 1.284635e-01 -3.174410e-03 4.998045e-06 0.000000e+00
745.64013672 0 0 1.289995e-01 -3.167143e-03 5.042661e-06 0.000000e+00
746.46075439 0 0 1.316568e-01 -3.153124e-03 5.032241e-06 0.000000e+00
747.60083008 0 0 1.335187e-01 -3.135213e-03 5.089418e-06 0.000000e+00
748.12738037 0 0 1.348854e-01 -3.126854e-03 5.101725e-06 0.000000e+00
748.78088379 0 0 1.363305e-01 -3.116196e-03 5.113329e-06 0.000000e+00
749.73541260 0 0 1.383759e-01 -3.101019e-03 5.140736e-06 0.000000e+00
750.44244385 0 0 1.392840e-01 -3.089966e-03 5.152855e-06 0.000000e+00
751.35174561 0 0 1.404762e-01 -3.075929e-03 5.154020e-06 0.000000e+00
752.46624756 0 0 1.418098e-01 -3.058517e-03 5.147766e-06 0.000000e+00
753.06353760 0 0 1.425108e-01 -3.049317e-03 5.146661e-06 0.000000e+00
753.95739746 0 0 1.434172e-01 -3.035657e-03 5.149502e-06 0.000000e+00
754.89141846 0 0 1.443569e-01 -3.021482e-03 5.151925e-06 0.000000e+00
755.59967041 0 0 1.450692e-01 -3.010590e-03 5.152200e-06 0.000000e+00
756.31304932 0 0 1.461813e-01 -2.999546e-03 5.142831e-06 0.000000e+00
757.75866699 0 0 1.478030e-01 -2.977488e-03 5.139697e-06 0.000000e+00
758.24786377 0 0 1.483257e-01 -2.970088e-03 5.139533e-06 0.000000e+00
759.24206543 0 0 1.471286e-01 -2.947794e-03 5.023060e-06 0.000000e+00
759.56860352 0 0 6.125715e-02 -2.460275e-03 2.639071e-06 0.000000e+00
759.69464111 0 0 5.111623e-02 -2.340891e-03 2.128441e-06 0.000000e+00
759.71966553 0 0 8.285284e-03 -1.648369e-03 -3.494188e-08 0.000000e+00
759.94738770 0 0 2.966692e-04 -2.801743e-04 1.240600e-09 0.000000e+00
760.16223145 0 0 3.124311e-02 -1.941751e-03 1.052795e-06 0.000000e+00
760.27838135 0 0 1.182347e-03 -9.562096e-04 -3.729642e-07 0.000000e+00
760.74285889 0 0 2.749055e-03 -1.134322e-03 -3.089960e-07 0.000000e+00
761.05810547 0 0 1.829145e-02 -1.644964e-03 4.276299e-07 0.000000e+00
761.24121094 0 0 5.776721e-04 -5.446514e-04 -1.384817e-07 0.000000e+00
761.44134521 0 0 1.633311e-03 -9.396826e-04 -3.028160e-07 0.000000e+00
761.78814697 0 0 5.477827e-02 -2.172964e-03 2.052496e-06 0.000000e+00
762.13958740 0 0 1.342146e-01 -2.827534e-03 4.690005e-06 0.000000e+00
762.58258057 0 0 2.822471e-02 -1.778461e-03 8.640092e-07 0.000000e+00
762.77612305 0 0 9.316020e-02 -2.536822e-03 3.612389e-06 0.000000e+00
763.01007080 0 0 9.017049e-04 -8.042242e-04 -3.012574e-07 0.000000e+00
763.43505859 0 0 3.599358e-04 -3.397996e-04 -1.532757e-08 0.000000e+00
763.46228027 0 0 7.770372e-03 -1.368104e-03 -5.917648e-08 0.000000e+00
763.52886963 0 0 7.989012e-02 -2.419872e-03 3.108485e-06 0.000000e+00
763.92724609 0 0 3.157279e-02 -1.691096e-03 9.667070e-07 0.000000e+00
764.23687744 0 0 1.838973e-02 -1.666552e-03 4.441610e-07 0.000000e+00
764.38592529 0 0 1.007935e-01 -2.592895e-03 3.901142e-06 0.000000e+00
764.62036133 0 0 5.496529e-04 -5.183215e-04 -1.213296e-07 0.000000e+00
764.99444580 0 0 1.250056e-01 -2.746919e-03 4.554445e-06 0.000000e+00
765.10766602 0 0 4.032527e-04 -3.805866e-04 -3.599838e-08 0.000000e+00
765.16870117 0 0 3.490815e-02 -1.917976e-03 1.178928e-06 0.000000e+00
765.90026855 0 0 1.360961e-01 -2.790989e-03 4.708198e-06 0.000000e+00
766.13220215 0 0 1.175550e-02 -1.607597e-03 1.500909e-07 0.000000e+00
766.64990234 0 0 1.281904e-01 -2.753767e-03 4.641090e-06 0.000000e+00
766.78814697 0 0 4.187448e-02 -2.107725e-03 1.580738e-06 0.000000e+00
767.14080811 0 0 1.445064e-01 -2.808784e-03 4.773862e-06 0.000000e+00
767.48059082 0 0 1.498971e-01 -2.822527e-03 4.862012e-06 0.000000e+00
767.79162598 0 0 1.505902e-01 -2.820119e-03 4.875600e-06 0.000000e+00
767.85845947 0 0 5.164622e-02 -2.235395e-03 2.056723e-06 0.000000e+00
769.10638428 0 0 1.482950e-01 -2.797114e-03 4.843403e-06 0.000000e+00
769.34661865 0 0 1.537661e-01 -2.803703e-03 4.925217e-06 0.000000e+00
769.79113770 0 0 9.694221e-02 -2.568402e-03 3.908689e-06 0.000000e+00
770.15496826 0 0 1.534703e-01 -2.791299e-03 4.898740e-06 0.000000e+00
771.26251221 0 0 1.552822e-01 -2.777115e-03 4.904967e-06 0.000000e+00
772.73303223 0 0 1.557479e-01 -2.755993e-03 4.869472e-06 0.000000e+00
773.56848145 0 0 1.559130e-01 -2.744023e-03 4.848180e-06 0.000000e+00
774.23571777 0 0 1.559499e-01 -2.734666e-03 4.837931e-06 0.000000e+00
774.75390625 0 0 1.561542e-01 -2.727208e-03 4.820453e-06 0.000000e+00
775.75323486 0 0 1.564175e-01 -2.713099e-03 4.793741e-06 0.000000e+00
777.07781982 0 0 1.567679e-01 -2.694606e-03 4.760675e-06 0.000000e+00
777.92468262 0 0 1.569838e-01 -2.682853e-03 4.739262e-06 0.000000e+00
778.93524170 0 0 1.572004e-01 -2.668916e-03 4.714260e-06 0.000000e+00
779.77960205 0 0 1.573815e-01 -2.657344e-03 4.693514e-06 0.000000e+00
780.44946289 0 0 1.573878e-01 -2.648559e-03 4.679981e-06 0.000000e+00
781.35815430 0 0 1.575486e-01 -2.636579e-03 4.649375e-06 0.000000e+00
782.67742920 0 0 1.574692e-01 -2.619671e-03 4.621594e-06 0.000000e+00
783.40600586 0 0 1.576642e-01 -2.610122e-03 4.594788e-06 0.000000e+00
784.21234131 0 0 1.567799e-01 -2.600998e-03 4.621794e-06 0.000000e+00
785.02758789 0 0 1.563056e-01 -2.590740e-03 4.607488e-06 0.000000e+00
785.80175781 0 0 1.536862e-01 -2.580596e-03 4.597263e-06 0.000000e+00
787.18927002 0 0 1.503821e-01 -2.567724e-03 4.658232e-06 0.000000e+00
787.46014404 0 0 1.556940e-01 -2.561420e-03 4.586431e-06 0.000000e+00
787.89111328 0 0 9.934382e-02 -2.461281e-03 3.872493e-06 0.000000e+00
788.72283936 0 0 1.008301e-01 -2.449694e-03 3.878664e-06 0.000000e+00
789.07885742 0 0 1.548082e-01 -2.541090e-03 4.544000e-06 0.000000e+00
789.61657715 0 0 1.529067e-01 -2.536437e-03 4.576730e-06 0.000000e+00
789.76165771 0 0 7.094686e-02 -2.328046e-03 2.946086e-06 0.000000e+00
790.29309082 0 0 7.531282e-02 -2.324026e-03 3.058403e-06 0.000000e+00
791.03173828 0 0 1.532417e-01 -2.518560e-03 4.531649e-06 0.000000e+00
791.84710693 0 0 1.537807e-01 -2.508630e-03 4.513290e-06 0.000000e+00
791.96997070 0 0 8.328538e-02 -2.346346e-03 3.299971e-06 0.000000e+00
792.58605957 0 0 1.552669e-01 -2.498601e-03 4.469044e-06 0.000000e+00
792.64630127 0 0 6.030181e-02 -2.229627e-03 2.500160e-06 0.000000e+00
793.31695557 0 0 1.572979e-01 -2.488412e-03 4.406687e-06 0.000000e+00
793.40142822 0 0 1.062115e-01 -2.409089e-03 3.904865e-06 0.000000e+00
794.77911377 0 0 1.573122e-01 -2.470853e-03 4.373687e-06 0.000000e+00
795.62487793 0 0 1.514192e-01 -2.463570e-03 4.436656e-06 0.000000e+00
796.37622070 0 0 6.648216e-02 -2.212604e-03 2.651795e-06 0.000000e+00
796.69152832 0 0 1.508864e-01 -2.451570e-03 4.429032e-06 0.000000e+00
797.01879883 0 0 9.384212e-02 -2.328437e-03 3.515490e-06 0.000000e+00
797.60668945 0 0 1.550964e-01 -2.438871e-03 4.371998e-06 0.000000e+00
798.26129150 0 0 1.031017e-01 -2.335113e-03 3.713183e-06 0.000000e+00
798.51751709 0 0 1.557040e-01 -2.427953e-03 4.349593e-06 0.000000e+00
798.93188477 0 0 1.504270e-01 -2.422527e-03 4.344282e-06 0.000000e+00
